2012
Miami Heat
Miami Heat
14
1,LeBron James,27,23,23,42.7,10.9,21.8,.500,1.0,3.7,.259,7.5,10.2,.739,2.3,7.4,9.7,5.6,1.9,0.7,3.5,2.0,30.3,F
2,Dwyane Wade,30,23,23,39.4,8.6,18.5,.462,0.4,1.5,.294,5.3,7.2,.729,1.4,3.8,5.2,4.3,1.7,1.3,3.0,2.8,22.8,G
3,Chris Bosh,27,14,10,31.4,5.2,10.6,.493,0.5,0.9,.538,3.1,3.7,.827,2.6,5.2,7.8,0.6,0.4,1.0,1.4,1.4,14.0,F
4,Mario Chalmers,25,23,23,35.6,4.0,9.0,.442,1.4,4.0,.359,1.9,2.6,.717,0.5,3.1,3.7,3.9,1.2,0.3,1.8,3.0,11.3,G
5,Shane Battier,33,23,16,33.4,2.3,6.1,.379,1.8,4.8,.382,0.6,0.7,.813,0.7,2.6,3.2,1.2,1.0,0.6,0.7,3.0,7.0,F
6,Mike Miller,31,23,0,16.0,1.7,4.3,.404,1.3,3.3,.413,0.4,0.5,.818,0.4,2.1,2.5,0.7,0.4,0.1,0.5,1.8,5.2,F
7,Udonis Haslem,31,22,11,20.5,1.8,4.0,.455,0.0,0.0,0,1.2,1.6,.743,1.7,4.7,6.4,0.6,0.2,0.3,0.9,2.7,4.8,F
8,Joel Anthony,29,17,1,19.4,1.0,1.7,.586,0.0,0.0,0,1.2,1.5,.800,1.3,1.9,3.2,0.1,0.3,0.9,0.5,2.4,3.2,C
9,James Jones,31,20,0,8.7,0.8,2.2,.372,0.5,1.5,.300,0.5,0.5,1.000,0.3,0.8,1.0,0.1,0.2,0.1,0.2,0.6,2.6,F
10,Ronny Turiaf,29,12,7,10.1,0.8,1.5,.556,0.0,0.0,0,0.3,0.9,.273,0.9,1.7,2.6,0.1,0.1,0.7,0.5,1.9,1.9,F
11,Norris Cole,23,19,0,8.9,0.6,1.9,.324,0.2,0.6,.250,0.4,0.5,.778,0.1,0.5,0.5,0.6,0.4,0.0,0.3,1.3,1.8,G
12,Terrel Harris,24,4,0,2.5,0.3,0.5,.500,0.0,0.3,.000,0.8,1.0,.750,0.0,0.8,0.8,0.0,0.0,0.0,0.0,0.0,1.3,G
13,Juwan Howard,38,9,0,2.7,0.2,0.8,.286,0.0,0.0,0,0.3,0.4,.750,0.0,0.1,0.1,0.0,0.0,0.0,0.0,0.0,0.8,F
14,Dexter Pittman,23,3,1,2.7,0.0,0.7,.000,0.0,0.0,0,0.0,0.0,0,0.0,0.0,0.0,0.3,0.0,0.3,0.0,0.7,0.0,C
Boston Celtics
14
1,Kevin Garnett,35,20,20,36.9,8.0,16.0,.497,0.1,0.2,.250,3.3,4.0,.813,1.6,8.8,10.3,1.5,1.2,1.5,2.2,3.0,19.2,F
2,Paul Pierce,34,20,20,38.9,6.0,15.6,.386,1.4,4.4,.310,5.5,6.2,.894,0.7,5.4,6.1,3.1,1.5,0.9,2.8,3.4,18.9,F
3,Rajon Rondo,25,19,19,42.6,7.4,15.8,.468,0.4,1.6,.267,2.1,2.9,.696,1.8,4.9,6.7,11.9,2.4,0.1,3.8,2.1,17.3,G
4,Brandon Bass,26,20,20,30.4,4.1,8.8,.463,0.0,0.0,0,3.0,3.2,.922,1.3,4.0,5.3,0.8,0.7,0.5,0.8,2.5,11.1,F
5,Ray Allen,36,18,10,34.2,3.7,9.3,.395,1.6,5.1,.304,1.8,2.5,.711,0.4,3.7,4.1,1.0,0.9,0.1,0.9,2.3,10.7,G
6,Avery Bradley,21,10,10,24.8,2.5,6.8,.368,0.5,2.2,.227,1.2,1.8,.667,0.3,1.7,2.0,0.8,0.8,0.6,1.0,2.0,6.7
7,Mickael Pietrus,29,20,1,19.7,1.2,3.7,.329,0.6,2.7,.222,0.5,0.8,.563,0.6,1.5,2.1,0.1,0.7,0.3,0.5,2.5,3.5
8,Keyon Dooling,31,20,0,10.6,1.1,2.4,.438,0.6,1.4,.393,0.1,0.2,.667,0.1,0.7,0.8,0.7,0.3,0.2,0.2,1.5,2.8
9,Marquis Daniels,31,15,0,6.1,0.7,1.3,.579,0.0,0.1,.000,0.5,0.7,.800,0.1,0.6,0.7,0.2,0.1,0.1,0.1,0.9,2.0
10,Greg Stiemsma,26,19,0,7.5,0.6,0.9,.667,0.0,0.0,0,0.2,0.3,.667,0.5,1.7,2.2,0.3,0.2,0.6,0.2,1.4,1.5
11,Ryan Hollins,27,17,0,10.0,0.6,1.5,.423,0.0,0.0,0,0.2,0.5,.444,0.9,0.6,1.6,0.5,0.0,0.5,0.4,1.7,1.5
12,Sasha Pavlovic,28,10,0,4.0,0.3,0.9,.333,0.1,0.5,.200,0.0,0.0,0,0.2,0.3,0.5,0.1,0.1,0.1,0.4,0.4,0.7
13,E'Twaun Moore,22,9,0,2.3,0.2,0.9,.250,0.0,0.2,.000,0.1,0.2,.500,0.0,0.3,0.3,0.3,0.0,0.1,0.1,0.2,0.6
14,Sean Williams,25,2,0,3.0,0.0,0.0,0,0.0,0.0,0,0.0,0.0,0,0.0,0.5,0.5,0.0,0.0,0.0,0.5,0.5,0.0
Philadelphia 76ers
12
1,Jrue Holiday,21,13,13,38.0,5.7,13.8,.413,1.5,3.8,.408,2.9,3.4,.864,1.3,3.4,4.7,5.2,1.5,0.6,2.0,1.8,15.8,G
2,Andre Iguodala,28,13,13,38.8,4.5,11.6,.384,1.5,3.8,.388,2.5,4.3,.589,1.3,4.4,5.7,3.7,1.5,0.4,1.5,2.5,12.9,G
3,Louis Williams,25,13,0,27.5,3.8,10.9,.352,0.6,3.7,.167,3.2,4.0,.788,0.2,1.8,2.1,3.0,1.0,0.0,1.2,1.3,11.5,G
4,Evan Turner,23,13,12,34.5,4.3,11.8,.364,0.0,0.5,.000,2.5,3.7,.688,1.1,6.5,7.5,2.5,0.9,0.5,2.3,2.8,11.2,G
5,Spencer Hawes,23,13,12,25.5,3.8,8.3,.463,0.2,0.4,.400,1.5,2.0,.731,1.4,5.2,6.6,1.6,0.3,0.8,1.7,2.5,9.3,C
6,Elton Brand,32,13,13,27.4,3.5,7.6,.465,0.0,0.0,0,1.5,2.5,.625,1.7,3.2,4.8,0.5,0.8,1.5,0.5,2.8,8.6
7,Thaddeus Young,23,13,0,21.3,3.0,7.0,.429,0.0,0.0,0,1.7,2.4,.710,1.9,3.3,5.2,1.2,0.5,0.5,1.2,1.9,7.7
8,Lavoy Allen,22,12,1,19.7,2.8,5.1,.557,0.0,0.0,0,0.6,1.0,.583,1.8,3.2,4.9,0.3,0.8,0.9,0.4,2.5,6.3
9,Jodie Meeks,24,13,1,7.8,0.7,2.0,.346,0.2,1.0,.231,1.1,1.1,1.000,0.2,0.2,0.3,0.3,0.2,0.1,0.3,0.8,2.7
10,Nikola Vucevic,21,1,0,3.0,0.0,1.0,.000,0.0,0.0,0,1.0,2.0,.500,0.0,1.0,1.0,0.0,0.0,0.0,0.0,0.0,1.0
11,Xavier Silas,24,2,0,2.0,0.5,0.5,1.000,0.0,0.0,0,0.0,0.0,0,0.5,0.5,1.0,0.0,0.0,0.0,0.0,0.0,1.0
12,Sam Young,26,2,0,2.0,0.0,1.0,.000,0.0,0.5,.000,0.0,0.0,0,0.0,0.0,0.0,0.0,0.0,0.0,0.0,0.0,0.0
Indiana Pacers
13
1,Danny Granger,28,11,11,38.2,6.3,15.8,.397,2.4,6.6,.356,2.1,2.5,.821,1.4,4.3,5.6,2.5,0.5,0.4,2.6,2.8,17.0,F
2,David West,31,11,11,37.8,6.0,13.5,.446,0.0,0.0,0,3.3,4.0,.818,1.9,6.6,8.5,2.0,0.7,0.5,1.5,3.0,15.3,F
3,George Hill,25,11,11,31.5,4.3,9.5,.448,1.4,3.6,.375,3.5,4.2,.848,0.8,1.5,2.3,2.9,1.2,0.3,2.0,1.9,13.5,G
4,Roy Hibbert,25,11,11,30.9,4.7,9.5,.500,0.1,0.1,1.000,2.2,3.3,.667,4.1,7.1,11.2,1.1,0.4,3.1,2.0,3.5,11.7,C
5,Paul George,21,11,11,33.7,3.4,8.6,.389,1.0,3.7,.268,2.0,2.5,.786,1.4,5.3,6.6,2.4,1.6,0.4,1.9,2.9,9.7,F
6,Darren Collison,24,11,0,18.6,3.3,6.4,.514,0.4,1.0,.364,1.8,2.1,.870,0.3,1.0,1.3,3.0,1.3,0.0,1.0,1.0,8.7
7,Leandro Barbosa,29,11,0,20.3,2.5,6.6,.370,0.3,1.8,.150,0.5,1.1,.500,0.5,1.7,2.2,1.3,0.5,0.1,1.2,2.1,5.7
8,Tyler Hansbrough,26,11,0,14.9,1.5,4.5,.340,0.0,0.0,0,1.3,1.9,.667,1.1,2.1,3.2,0.5,0.5,0.3,0.7,2.0,4.4
9,Louis Amundson,29,11,0,8.5,1.1,2.1,.522,0.0,0.0,0,0.3,0.5,.500,0.5,1.5,2.1,0.2,0.2,0.5,0.4,1.5,2.5
10,Dahntay Jones,31,7,0,8.3,0.6,2.6,.222,0.3,1.3,.222,1.0,1.0,1.000,0.6,0.4,1.0,0.4,0.1,0.0,0.4,1.6,2.4
11,Lance Stephenson,21,4,0,3.0,0.5,2.3,.222,0.3,0.5,.500,0.3,0.5,.500,0.0,0.0,0.0,0.3,0.0,0.0,0.5,0.5,1.5
12,Jeff Pendergraph,24,4,0,2.3,0.3,0.8,.333,0.0,0.0,0,0.0,0.0,0,0.0,0.5,0.5,0.0,0.0,0.0,0.0,0.5,0.5
13,A.J. Price,25,4,0,1.8,0.3,0.5,.500,0.0,0.0,0,0.0,0.0,0,0.3,0.3,0.5,0.3,0.0,0.0,0.0,0.0,0.5
Oklahoma City Thunder
13
1,Kevin Durant,23,20,20,41.9,9.9,19.2,.517,2.1,5.5,.373,6.7,7.7,.864,0.7,6.8,7.4,3.7,1.5,1.2,3.2,2.6,28.5,F
2,Russell Westbrook,23,20,20,38.4,8.9,20.4,.435,0.9,3.3,.277,4.5,5.6,.802,1.1,4.4,5.5,5.9,1.6,0.4,2.3,2.5,23.1,G
3,James Harden,22,20,0,31.5,4.7,10.7,.435,1.6,3.9,.410,5.4,6.3,.857,0.7,4.5,5.1,3.4,1.6,0.1,2.1,3.4,16.3,G
4,Serge Ibaka,22,20,20,28.5,4.2,8.0,.528,0.1,0.2,.250,1.3,1.8,.722,2.4,3.4,5.8,0.6,0.6,3.0,0.6,2.9,9.8,F
5,Derek Fisher,37,20,0,22.3,2.5,5.9,.415,0.9,2.4,.375,0.5,0.5,1.000,0.1,1.5,1.6,1.3,0.9,0.1,0.3,1.9,6.3,G
6,Thabo Sefolosha,27,20,20,22.3,2.1,5.1,.402,0.8,2.5,.327,0.4,0.5,.889,0.6,2.1,2.7,1.3,1.5,0.5,0.6,2.2,5.3
7,Kendrick Perkins,27,20,20,25.9,1.9,4.5,.416,0.0,0.0,0,1.0,1.3,.800,1.8,4.5,6.2,0.7,0.4,1.3,1.5,3.0,4.7
8,Nick Collison,31,20,0,16.6,1.7,2.6,.647,0.0,0.0,0,0.2,0.4,.429,1.5,1.9,3.4,1.0,0.6,0.3,0.6,2.6,3.5
9,Nazr Mohammed,34,8,0,10.4,1.0,2.0,.500,0.0,0.0,0,0.3,0.5,.500,0.9,1.1,2.0,0.1,0.0,0.4,0.3,2.4,2.3
10,Daequan Cook,24,16,0,6.8,0.9,2.3,.378,0.5,1.5,.333,0.0,0.1,.000,0.0,0.6,0.6,0.3,0.2,0.0,0.0,0.4,2.3
11,Royal Ivey,30,5,0,4.2,0.8,2.2,.364,0.4,1.0,.400,0.2,0.4,.500,0.2,0.4,0.6,0.2,0.4,0.0,0.2,0.4,2.2
12,Cole Aldrich,23,5,0,5.0,0.8,1.8,.444,0.0,0.0,0,0.4,0.8,.500,1.0,1.6,2.6,0.0,0.0,0.0,0.0,0.6,2.0
13,Lazar Hayward,25,5,0,3.6,0.4,0.6,.667,0.0,0.0,0,0.0,0.0,0,0.0,0.8,0.8,0.0,0.0,0.0,0.2,0.4,0.8
San Antonio Spurs
13
1,Tony Parker,29,14,14,36.1,7.3,16.1,.453,0.5,1.5,.333,5.1,6.3,.807,0.6,3.0,3.6,6.8,0.9,0.0,3.1,1.6,20.1,G
2,Tim Duncan,35,14,14,33.1,7.2,14.6,.495,0.0,0.1,.000,2.9,4.1,.707,2.3,7.1,9.4,2.8,0.7,2.1,1.5,2.1,17.4,F
3,Manu Ginobili,34,14,2,27.9,4.6,10.4,.448,1.6,4.9,.338,3.4,4.0,.857,0.6,2.9,3.5,4.0,0.7,0.3,3.0,2.6,14.4,G
4,Kawhi Leonard,20,14,14,27.1,3.2,6.4,.500,1.3,2.9,.450,0.9,1.1,.813,1.3,4.6,5.9,0.6,1.2,0.4,0.9,1.6,8.6,F
5,Stephen Jackson,33,14,0,21.4,2.7,5.1,.535,1.9,3.1,.605,1.0,1.1,.933,0.4,1.6,2.0,1.7,0.6,0.2,1.3,2.7,8.3,F
6,Gary Neal,27,14,0,15.5,2.8,5.9,.476,1.1,2.6,.444,0.8,0.9,.846,0.1,1.2,1.3,1.4,0.1,0.0,0.8,1.5,7.5
7,Danny Green,24,14,12,20.6,2.7,6.5,.418,1.4,4.1,.345,0.5,0.7,.700,0.2,3.0,3.2,1.1,0.5,0.7,1.1,1.7,7.4
8,Boris Diaw,29,14,14,24.7,2.6,5.0,.514,0.6,1.3,.500,0.4,0.6,.750,2.0,3.2,5.2,2.5,0.8,0.3,1.1,2.1,6.2
9,Tiago Splitter,27,13,0,12.9,2.3,3.6,.638,0.0,0.0,0,1.2,3.3,.372,0.6,2.2,2.8,0.8,0.4,0.3,0.7,1.8,5.8
10,DeJuan Blair,22,10,0,7.6,1.7,2.7,.630,0.0,0.0,0,0.3,0.6,.500,0.7,1.6,2.3,0.2,0.3,0.1,0.1,1.0,3.7
11,Matt Bonner,31,13,0,12.7,0.8,2.5,.313,0.6,1.8,.348,0.2,0.4,.600,0.2,1.8,1.9,0.7,0.2,0.3,0.2,1.8,2.4
12,Patrick Mills,23,8,0,3.9,0.8,1.4,.545,0.4,0.6,.600,0.0,0.0,0,0.1,0.3,0.4,0.6,0.1,0.0,0.4,0.3,1.9
13,James Anderson,22,8,0,3.9,0.5,1.1,.444,0.3,0.5,.500,0.1,0.3,.500,0.0,0.6,0.6,0.4,0.1,0.0,0.0,0.1,1.4
Los Angeles Clippers
11
1,Blake Griffin,22,11,11,35.7,7.6,15.3,.500,0.0,0.1,.000,3.8,6.0,.636,1.7,5.2,6.9,2.5,1.8,0.9,2.3,3.7,19.1,F
2,Chris Paul,26,11,11,38.5,6.4,14.9,.427,1.2,3.5,.333,3.7,4.3,.872,0.5,4.5,5.1,7.9,2.7,0.1,3.9,2.7,17.6,G
3,Mo Williams,29,11,0,20.8,3.7,8.5,.436,1.1,3.0,.364,1.1,1.2,.923,0.1,0.7,0.8,1.4,0.5,0.5,1.1,1.5,9.6,G
4,Caron Butler,31,10,10,26.8,3.3,9.2,.359,0.8,3.1,.258,1.2,1.6,.750,0.4,2.6,3.0,1.0,0.6,0.2,1.6,2.2,8.6,F
5,Nick Young,26,11,0,18.2,2.6,6.1,.433,1.5,3.0,.515,1.5,1.6,.889,0.1,1.0,1.1,0.3,0.3,0.4,0.6,1.8,8.3,G
6,Eric Bledsoe,22,11,0,17.2,3.4,5.7,.587,0.3,0.6,.429,0.9,1.5,.625,1.1,1.3,2.4,2.1,1.2,0.4,1.4,2.1,7.9
7,Randy Foye,28,11,11,26.5,2.6,6.7,.392,1.3,2.9,.438,1.0,1.2,.846,0.4,1.6,2.0,1.5,0.5,0.3,1.1,1.7,7.5
8,DeAndre Jordan,23,11,11,22.6,1.9,3.6,.525,0.0,0.0,0,0.7,2.2,.333,1.6,3.6,5.3,0.4,0.6,1.6,0.6,1.8,4.5
9,Kenyon Martin,34,11,0,17.5,2.0,3.8,.524,0.0,0.0,0,0.5,0.7,.625,1.0,2.2,3.2,0.3,0.4,1.7,0.4,3.3,4.5
10,Reggie Evans,31,11,0,18.0,0.7,1.4,.533,0.0,0.0,0,1.5,3.6,.425,1.8,5.5,7.3,0.1,0.8,0.5,0.8,2.8,3.0
11,Bobby Simmons,31,4,1,8.0,1.3,2.3,.556,0.3,1.0,.250,0.0,0.0,0,0.0,0.3,0.3,0.0,0.0,0.0,0.3,1.8,2.8
Los Angeles Lakers
14
1,Kobe Bryant,33,12,12,39.7,11.0,25.1,.439,1.4,5.0,.283,6.6,7.9,.832,1.3,3.5,4.8,4.3,1.3,0.2,2.8,2.8,30.0,G
2,Andrew Bynum,24,12,12,37.6,6.1,12.8,.477,0.0,0.0,0,4.5,5.8,.783,3.8,7.3,11.1,1.5,0.4,3.1,1.3,1.8,16.7,C
3,Pau Gasol,31,12,12,37.0,5.2,11.9,.434,0.2,0.4,.400,2.0,2.4,.828,3.2,6.3,9.5,3.7,0.5,2.1,1.7,3.0,12.5,F
4,Metta World Peace,32,6,6,39.3,3.7,10.0,.367,2.3,6.0,.389,2.0,2.7,.750,0.5,3.0,3.5,2.3,2.2,0.7,0.8,3.0,11.7,F
5,Ramon Sessions,25,12,12,31.7,3.6,9.5,.377,0.3,2.1,.160,2.2,2.9,.743,0.3,2.8,3.0,3.6,0.3,0.1,1.8,2.3,9.7,G
6,Steve Blake,31,12,0,25.5,2.2,5.2,.419,1.5,3.6,.419,0.4,0.6,.714,0.7,2.2,2.8,2.3,0.7,0.2,1.3,1.8,6.3
7,Jordan Hill,24,12,0,18.1,1.9,4.4,.434,0.0,0.0,0,0.9,1.3,.688,3.3,3.1,6.3,0.1,0.3,0.7,0.6,2.7,4.8
8,Devin Ebanks,22,9,6,14.0,1.8,4.3,.410,0.0,0.3,.000,0.6,0.9,.625,0.8,1.4,2.2,0.7,0.3,0.8,0.2,1.4,4.1
9,Matt Barnes,31,11,0,16.8,1.5,5.4,.271,0.5,2.8,.161,0.2,0.4,.500,0.8,2.5,3.3,1.5,0.9,0.5,1.4,2.6,3.5
10,Darius Morris,21,4,0,2.0,0.8,0.8,1.000,0.3,0.3,1.000,0.8,1.0,.750,0.0,0.0,0.0,0.8,0.0,0.0,0.3,0.3,2.5
11,Andrew Goudelock,23,4,0,2.5,0.5,0.8,.667,0.3,0.3,1.000,0.0,0.0,0,0.0,0.3,0.3,0.0,0.0,0.0,0.0,0.3,1.3
12,Christian Eyenga,22,3,0,3.0,0.7,1.0,.667,0.0,0.0,0,0.0,0.3,.000,0.3,0.3,0.7,0.3,0.3,0.3,0.3,1.0,1.3
13,Troy Murphy,31,4,0,3.8,0.3,0.3,1.000,0.3,0.3,1.000,0.0,0.0,0,0.0,0.8,0.8,0.0,0.0,0.0,0.5,0.0,0.8
14,Josh McRoberts,24,6,0,2.7,0.2,0.7,.250,0.0,0.2,.000,0.0,0.0,0,0.0,0.7,0.7,0.2,0.0,0.2,0.3,0.2,0.3
2011
Dallas Mavericks
Miami Heat
13
1,Dwyane Wade,29,21,21,39.4,8.6,17.8,.485,0.7,2.5,.269,6.6,8.5,.777,2.0,5.1,7.1,4.4,1.6,1.3,3.0,2.5,24.5,G
2,LeBron James,26,21,21,43.9,8.3,17.8,.466,1.4,4.0,.353,5.7,7.4,.763,1.6,6.8,8.4,5.9,1.7,1.2,3.1,2.7,23.7,F
3,Chris Bosh,26,21,21,39.7,6.6,13.9,.474,0.0,0.2,.000,5.4,6.7,.814,2.2,6.2,8.5,1.1,0.7,0.9,1.9,2.3,18.6,F
4,Mario Chalmers,24,21,1,24.3,2.6,5.9,.435,1.5,4.0,.381,1.1,1.5,.719,0.2,1.7,1.9,2.1,1.3,0.0,1.3,2.3,7.8,G
5,James Jones,30,12,0,22.7,2.0,4.3,.471,1.4,3.1,.459,1.1,1.1,1.000,0.3,2.3,2.5,0.2,0.5,0.2,0.3,2.0,6.5,F
6,Udonis Haslem,30,12,0,24.2,2.3,5.7,.397,0.0,0.0,0,0.8,0.8,.900,1.1,3.4,4.5,0.8,0.5,0.3,0.9,2.6,5.3
7,Mike Bibby,32,20,20,20.8,1.4,4.8,.281,0.9,3.3,.258,0.1,0.2,.500,0.3,1.6,1.8,1.2,0.6,0.3,0.9,1.5,3.7
8,Zydrunas Ilgauskas,35,9,8,11.6,1.6,3.3,.467,0.0,0.0,0,0.4,0.7,.667,1.7,1.9,3.6,0.3,0.0,0.3,1.0,1.8,3.6
9,Joel Anthony,28,21,13,27.4,0.9,2.3,.367,0.0,0.0,0,1.0,1.5,.710,1.7,3.0,4.6,0.5,0.4,1.8,0.6,2.6,2.8
10,Mike Miller,30,18,0,11.9,1.0,2.9,.340,0.6,2.1,.297,0.0,0.0,0,0.5,2.2,2.7,0.7,0.4,0.1,0.4,1.4,2.6
11,Eddie House,32,7,0,6.9,0.6,2.4,.235,0.4,1.4,.300,0.0,0.0,0,0.1,0.6,0.7,0.1,0.6,0.0,0.6,0.9,1.6
12,Juwan Howard,37,11,0,5.5,0.4,0.8,.444,0.0,0.0,0,0.8,1.2,.692,0.3,0.6,0.9,0.1,0.0,0.0,0.2,0.7,1.5
13,Jamaal Magloire,32,3,0,6.0,0.7,1.7,.400,0.0,0.0,0,0.0,0.0,0,0.3,1.3,1.7,0.7,0.3,0.0,0.3,1.3,1.3
Boston Celitcs
12
1,Paul Pierce,33,9,9,38.1,7.6,16.4,.459,2.3,5.2,.447,3.3,3.8,.882,0.6,4.4,5.0,2.8,1.3,0.4,2.7,3.3,20.8,F
2,Ray Allen,35,9,9,40.1,6.3,12.1,.523,3.6,6.2,.571,2.7,2.8,.960,0.6,3.2,3.8,2.4,1.2,0.1,1.1,2.3,18.9,G
3,Kevin Garnett,34,9,9,36.4,6.2,14.1,.441,0.0,0.1,.000,2.4,3.2,.759,2.3,8.6,10.9,2.6,1.9,1.0,2.1,3.0,14.9,F
4,Rajon Rondo,24,9,9,38.3,5.7,11.9,.477,0.0,0.3,.000,2.7,4.2,.632,1.2,4.2,5.4,9.6,1.1,0.0,3.7,1.8,14.0,G
5,Jeff Green,24,9,0,19.2,2.6,5.9,.434,0.8,1.8,.438,1.4,2.0,.722,0.7,2.0,2.7,0.2,0.6,0.4,1.3,2.2,7.3,F
6,Delonte West,27,9,0,18.9,2.4,5.2,.468,0.8,2.1,.368,0.9,1.1,.800,0.4,1.4,1.9,1.3,0.6,0.0,1.3,1.8,6.6
7,Jermaine O'Neal,32,9,9,21.9,2.3,4.8,.488,0.0,0.0,0,1.1,1.2,.909,1.7,2.6,4.2,0.9,0.2,1.8,0.9,3.8,5.8
8,Glen Davis,25,9,0,21.2,2.0,5.1,.391,0.0,0.1,.000,0.9,1.2,.727,0.8,2.8,3.6,0.9,0.3,0.0,1.0,2.3,4.9
9,Nenad Krstic,27,7,0,8.0,0.7,1.1,.625,0.0,0.0,0,0.3,0.4,.667,0.7,1.0,1.7,0.3,0.0,0.6,0.4,1.1,1.7
10,Shaquille O'Neal,38,2,0,6.0,0.5,1.0,.500,0.0,0.0,0,0.0,1.0,.000,0.0,0.0,0.0,0.5,0.5,0.0,0.0,2.0,1.0
11,Troy Murphy,30,1,0,3.0,0.0,0.0,0,0.0,0.0,0,0.0,0.0,0,1.0,0.0,1.0,0.0,0.0,0.0,0.0,0.0,0.0
12,Von Wafer,25,3,0,1.7,0.0,0.7,.000,0.0,0.3,.000,0.0,0.0,0,0.0,0.3,0.3,0.0,0.0,0.0,0.0,0.0,0.0
Atlanta Hawks
14
1,Joe Johnson,29,12,12,41.4,7.3,16.5,.439,1.5,3.5,.429,2.8,3.5,.810,1.5,3.1,4.6,3.3,1.1,0.1,2.6,1.6,18.8,G
2,Jamal Crawford,30,12,0,29.8,5.1,12.9,.394,1.8,5.0,.350,3.5,4.3,.824,0.1,1.3,1.3,2.5,0.8,0.3,1.3,1.4,15.4,G
3,Josh Smith,25,12,12,36.5,5.8,14.3,.404,0.3,2.0,.125,3.3,5.6,.597,1.5,7.0,8.5,2.9,1.1,2.1,2.2,3.3,15.1,F
4,Jeff Teague,22,8,6,29.8,4.6,9.0,.514,0.1,0.9,.143,2.4,2.9,.826,0.0,2.1,2.1,3.5,0.8,0.4,1.0,1.3,11.8,G
5,Al Horford,24,12,12,39.0,4.8,11.4,.423,0.0,0.2,.000,1.7,2.2,.769,2.1,7.5,9.6,3.5,0.4,1.0,1.4,2.8,11.3,C
6,Kirk Hinrich,30,6,6,28.8,4.3,8.7,.500,1.3,3.2,.421,0.2,0.2,1.000,0.2,2.2,2.3,2.7,1.2,0.3,0.7,3.5,10.2
7,Marvin Williams,24,12,3,18.0,1.8,4.7,.393,0.3,0.9,.273,0.8,1.1,.769,0.8,1.4,2.3,0.5,0.8,0.6,1.0,1.5,4.8
8,Zaza Pachulia,26,11,0,17.7,1.0,2.1,.478,0.0,0.0,0,1.5,2.0,.773,1.5,3.4,4.9,1.2,0.2,0.1,0.8,3.4,3.5
9,Jason Collins,32,12,9,13.2,0.8,1.2,.643,0.0,0.0,0,0.3,0.7,.375,0.5,0.9,1.4,0.1,0.4,0.3,0.4,2.6,1.8
10,Damien Wilkins,31,8,0,4.9,0.9,1.6,.538,0.0,0.3,.000,0.0,0.0,0,0.4,0.6,1.0,0.1,0.3,0.3,0.3,0.3,1.8
11,Pape Sy,22,4,0,2.8,0.5,0.8,.667,0.0,0.0,0,0.5,1.0,.500,0.3,0.0,0.3,0.8,0.3,0.0,0.3,0.3,1.5
12,Josh Powell,28,9,0,5.3,0.6,1.0,.556,0.0,0.0,0,0.0,0.0,0,0.3,0.7,1.0,0.1,0.0,0.0,0.2,0.9,1.1
13,Hilton Armstrong,26,8,0,4.4,0.1,0.6,.200,0.0,0.0,0,0.4,0.8,.500,0.5,0.8,1.3,0.1,0.4,0.0,0.3,0.9,0.6
14,Etan Thomas,32,1,0,7.0,0.0,2.0,.000,0.0,0.0,0,0.0,0.0,0,1.0,0.0,1.0,0.0,0.0,0.0,0.0,1.0,0.0
Chicago Bulls
12
1,Derrick Rose,22,16,16,40.6,9.3,23.5,.396,1.6,6.3,.248,6.9,8.4,.828,1.3,3.1,4.3,7.7,1.4,0.7,3.7,2.1,27.1,G
2,Luol Deng,25,16,16,42.9,6.1,14.4,.426,1.4,4.3,.324,3.3,3.9,.839,1.7,4.9,6.6,2.7,1.5,0.6,1.6,2.5,16.9,F
3,Carlos Boozer,29,16,16,31.7,4.8,11.1,.433,0.0,0.1,.000,3.0,3.8,.800,2.5,7.2,9.7,1.8,0.6,0.4,1.8,3.1,12.6,F
4,Joakim Noah,25,16,16,33.1,3.2,7.8,.411,0.0,0.0,0,2.3,3.2,.725,4.3,5.9,10.2,2.5,1.0,2.1,1.2,3.9,8.7,C
5,Kyle Korver,29,16,0,17.3,2.4,6.1,.388,1.4,3.3,.423,0.4,0.4,1.000,0.1,1.1,1.2,1.1,0.5,0.2,1.0,2.2,6.6,F
6,Taj Gibson,25,16,0,17.8,2.7,4.8,.566,0.0,0.1,.000,0.6,0.9,.600,1.6,2.5,4.1,0.6,0.3,1.4,0.9,2.0,5.9
7,Keith Bogans,30,16,16,19.2,1.8,4.3,.406,1.6,3.7,.424,0.1,0.3,.250,0.3,1.0,1.3,0.8,0.6,0.2,0.4,1.6,5.1
8,Ronnie Brewer,25,16,0,16.3,1.5,3.1,.480,0.2,0.4,.429,0.8,1.1,.765,0.4,1.7,2.1,0.9,0.8,0.4,0.3,0.9,4.0
9,C.J. Watson,26,16,0,8.5,1.2,3.5,.339,0.2,0.9,.200,0.6,0.7,.909,0.1,0.8,0.9,1.9,0.5,0.0,1.1,0.9,3.2
10,Kurt Thomas,38,7,0,10.6,1.4,2.6,.556,0.0,0.3,.000,0.0,0.0,0,1.3,1.4,2.7,0.4,0.1,0.4,0.4,1.7,2.9
11,Omer Asik,24,15,0,9.9,0.4,0.9,.462,0.0,0.0,0,0.2,0.7,.300,0.7,1.4,2.1,0.1,0.1,0.5,0.5,1.4,1.0
12,Rasual Butler,31,3,0,2.3,0.3,0.3,1.000,0.3,0.3,1.000,0.0,0.0,0,0.0,0.3,0.3,0.0,0.0,0.0,0.0,0.0,1.0
Oklahoma City Thunder
12
1,Kevin Durant,22,17,17,42.5,9.1,20.3,.449,2.2,6.4,.339,8.2,9.8,.838,1.1,7.1,8.2,2.8,0.9,1.1,2.5,3.1,28.6,F
2,Russell Westbrook,22,17,17,37.5,7.9,20.2,.394,0.8,2.8,.292,7.1,8.4,.852,2.1,3.2,5.4,6.4,1.4,0.4,4.6,3.3,23.8,G
3,James Harden,21,17,0,31.6,3.9,8.2,.475,1.4,4.5,.303,3.9,4.7,.825,0.6,4.8,5.4,3.6,1.2,0.8,1.6,2.8,13.0,G
4,Serge Ibaka,21,17,17,28.8,3.9,8.5,.462,0.0,0.1,.000,1.9,2.4,.825,2.8,4.5,7.3,0.2,0.2,3.1,1.2,3.8,9.8,F
5,Nick Collison,30,17,0,24.3,2.8,4.5,.632,0.0,0.0,0,1.1,1.4,.783,2.8,3.0,5.8,0.9,0.9,0.9,0.8,3.7,6.7,F
6,Eric Maynor,23,17,0,12.9,1.7,4.5,.377,0.5,1.5,.360,0.9,1.1,.789,0.3,1.0,1.3,2.2,0.5,0.0,0.9,0.9,4.8
7,Thabo Sefolosha,26,17,17,20.2,1.8,3.9,.463,0.2,1.5,.154,0.8,0.8,1.000,0.7,2.4,3.1,0.7,0.9,0.3,0.9,1.4,4.6
8,Kendrick Perkins,26,17,17,28.2,1.7,3.8,.453,0.0,0.0,0,1.1,1.9,.576,2.2,3.9,6.1,0.8,0.2,0.8,1.6,3.4,4.5
9,Daequan Cook,23,17,0,11.5,1.3,3.3,.393,0.9,2.7,.348,0.2,0.2,1.000,0.1,1.5,1.6,0.1,0.2,0.0,0.4,1.0,3.8
10,Royal Ivey,29,2,0,3.0,1.0,1.0,1.000,1.0,1.0,1.000,0.0,0.0,0,0.0,0.5,0.5,0.5,0.0,0.0,0.0,0.0,3.0
11,Nate Robinson,26,3,0,4.0,0.7,2.3,.286,0.7,2.0,.333,0.7,0.7,1.000,0.0,0.0,0.0,0.3,0.0,0.0,0.0,0.3,2.7
12,Nazr Mohammed,33,14,0,10.6,1.0,2.4,.412,0.0,0.0,0,0.3,0.7,.400,0.6,1.6,2.3,0.0,0.3,0.4,0.4,1.9,2.3
Los Angeles Lakers
13
1,Kobe Bryant,32,10,10,35.4,8.3,18.6,.446,1.2,4.1,.293,5.0,6.1,.820,0.8,2.6,3.4,3.3,1.6,0.3,3.1,2.3,22.8,G
2,Andrew Bynum,23,10,10,32.0,5.7,10.5,.543,0.0,0.0,0,3.0,3.6,.833,3.6,6.0,9.6,0.8,0.5,1.4,2.0,3.3,14.4,C
3,Pau Gasol,30,10,10,35.8,4.7,11.2,.420,0.1,0.2,.500,3.6,4.5,.800,3.2,4.6,7.8,3.8,0.4,1.7,1.7,3.3,13.1,F
4,Lamar Odom,31,10,1,28.6,4.5,9.8,.459,0.4,2.0,.200,2.7,3.8,.711,1.3,5.2,6.5,2.1,0.2,0.4,1.5,2.5,12.1,F
5,Metta World Peace,31,9,9,31.9,3.9,8.8,.443,1.0,3.1,.321,1.8,2.3,.762,1.9,2.7,4.6,2.2,1.1,0.8,1.0,2.6,10.6,F
6,Derek Fisher,36,10,10,32.5,2.9,6.7,.433,0.7,1.7,.412,1.7,2.1,.810,0.1,2.6,2.7,3.6,1.4,0.2,0.8,2.5,8.2
7,Shannon Brown,25,10,0,16.6,2.8,6.1,.459,0.7,2.5,.280,0.9,1.4,.643,0.5,1.4,1.9,0.7,0.6,0.2,0.9,1.0,7.2
8,Matt Barnes,30,10,0,13.1,1.5,3.8,.395,0.2,1.2,.167,0.4,0.7,.571,1.1,1.7,2.8,0.5,0.7,0.2,0.6,2.3,3.6
9,Steve Blake,30,9,0,16.1,0.8,2.6,.304,0.7,2.0,.333,0.0,0.0,0,0.1,1.4,1.6,2.2,0.6,0.0,0.6,0.9,2.2
10,Trey Johnson,26,3,0,4.0,0.3,1.7,.200,0.0,0.3,.000,0.3,0.7,.500,0.3,1.0,1.3,0.3,0.0,0.0,0.0,0.7,1.0
11,Joe Smith,35,5,0,2.2,0.0,0.4,.000,0.0,0.0,0,0.0,0.0,0,0.2,0.0,0.2,0.0,0.0,0.0,0.0,0.2,0.0
12,Theo Ratliff,37,1,0,1.0,0.0,0.0,0,0.0,0.0,0,0.0,0.0,0,0.0,1.0,1.0,0.0,0.0,0.0,0.0,0.0,0.0
13,Luke Walton,30,1,0,4.0,0.0,2.0,.000,0.0,2.0,.000,0.0,0.0,0,0.0,1.0,1.0,0.0,0.0,0.0,2.0,0.0,0.0
Dallas Mavericks
12
1,Dirk Nowitzki,32,21,21,39.3,9.1,18.9,.485,1.1,2.4,.460,8.3,8.9,.941,0.6,7.6,8.1,2.5,0.6,0.6,3.1,2.2,27.7,F
2,Jason Terry,33,21,0,32.6,6.1,12.8,.478,2.0,4.5,.442,3.3,4.0,.843,0.3,1.6,1.9,3.2,1.2,0.1,1.5,2.1,17.5,G
3,Shawn Marion,32,21,21,32.9,5.0,10.7,.467,0.0,0.2,.000,1.9,2.2,.851,2.2,4.1,6.3,2.1,1.0,0.9,1.7,2.5,11.9,F
4,Jason Kidd,37,21,21,35.4,3.0,7.7,.398,2.0,5.5,.374,1.1,1.4,.800,0.5,4.0,4.5,7.3,1.9,0.5,2.7,1.7,9.3,G
5,Jose Barea,26,21,3,18.6,3.4,8.2,.419,0.8,2.4,.320,1.3,1.6,.794,0.4,1.5,1.9,3.4,0.3,0.0,1.1,1.3,8.9,G
6,Tyson Chandler,28,21,21,32.4,2.7,4.7,.582,0.0,0.0,0,2.5,3.7,.679,3.8,5.4,9.2,0.4,0.6,0.9,0.7,3.7,8.0
7,Peja Stojakovic,33,19,0,18.4,2.6,6.3,.408,1.5,4.1,.377,0.4,0.5,.778,0.2,1.5,1.7,0.4,0.6,0.1,0.5,1.1,7.1
8,DeShawn Stevenson,29,21,18,15.8,1.4,4.0,.349,1.3,3.2,.397,0.4,0.6,.750,0.0,0.9,0.9,0.6,0.5,0.1,0.5,1.9,4.5
9,Brendan Haywood,31,18,0,15.3,1.0,1.7,.581,0.0,0.0,0,1.1,2.4,.465,1.9,2.2,4.1,0.2,0.1,1.0,0.7,2.7,3.1
10,Ian Mahinmi,24,6,0,5.5,0.5,0.8,.600,0.0,0.0,0,0.8,1.5,.556,0.5,0.5,1.0,0.0,0.2,0.0,0.0,2.7,1.8
11,Corey Brewer,24,6,0,3.8,0.7,1.5,.444,0.2,0.5,.333,0.0,0.0,0,0.0,0.3,0.3,0.2,0.7,0.0,0.3,0.8,1.5
12,Brian Cardinal,33,9,0,4.1,0.3,0.4,.750,0.3,0.4,.750,0.1,0.2,.500,0.0,0.3,0.3,0.2,0.1,0.0,0.3,0.9,1.1
Memphis Grizzlies
12
1,Zach Randolph,29,13,13,39.6,7.7,17.2,.446,0.2,0.6,.250,6.7,8.2,.821,3.3,7.5,10.8,2.4,1.1,0.8,2.1,3.5,22.2,F
2,Mike Conley,23,13,13,39.0,5.5,14.1,.388,0.8,2.8,.297,3.4,4.1,.830,0.5,3.3,3.8,6.4,1.1,0.2,2.3,3.0,15.2,G
3,Marc Gasol,26,13,13,39.9,5.5,10.8,.511,0.0,0.2,.000,3.9,5.6,.699,3.2,8.1,11.2,2.2,1.1,2.2,2.0,3.4,15.0,C
4,O.J. Mayo,23,13,2,27.8,4.0,10.3,.388,1.5,3.8,.408,1.8,2.2,.793,0.8,2.4,3.2,2.4,0.8,0.3,1.3,3.2,11.3,G
5,Tony Allen,29,13,13,26.9,3.3,7.8,.426,0.1,0.5,.143,2.1,3.2,.659,1.2,1.8,2.9,1.5,1.9,0.4,1.8,3.3,8.8,G
6,Sam Young,25,13,11,19.7,3.3,7.4,.448,0.2,0.9,.250,0.7,1.2,.600,0.5,1.8,2.3,0.2,0.5,0.2,0.6,1.4,7.5
7,Darrell Arthur,22,13,0,15.5,3.0,6.5,.459,0.1,0.1,1.000,1.0,1.3,.765,1.1,1.2,2.2,0.5,0.5,0.9,0.9,2.3,7.1
8,Shane Battier,32,13,0,26.1,2.2,5.1,.439,0.6,2.2,.276,0.5,0.7,.667,1.3,2.7,4.0,1.2,0.5,0.5,0.5,2.1,5.5
9,Greivis Vasquez,24,13,0,10.9,1.6,3.2,.512,0.3,0.8,.364,0.8,1.0,.769,0.2,1.2,1.5,1.9,0.4,0.2,0.7,0.8,4.3
10,Leon Powe,27,4,0,3.5,0.5,2.0,.250,0.0,0.0,0,0.8,1.0,.750,0.5,0.5,1.0,0.0,0.0,0.0,0.0,0.0,1.8
11,Hamed Haddadi,25,9,0,3.4,0.3,1.1,.300,0.0,0.1,.000,0.6,0.7,.833,0.3,0.6,0.9,0.0,0.0,0.6,0.2,0.8,1.2
12,Ishmael Smith,22,5,0,2.0,0.4,0.6,.667,0.0,0.0,0,0.0,0.0,0,0.0,0.4,0.4,0.4,0.2,0.0,0.2,0.2,0.8
2010
Los Angeles Lakers
Boston Celtics
13
1,Paul Pierce,32,24,24,38.8,6.1,14.0,.438,1.7,4.3,.392,4.9,5.9,.824,0.8,5.1,6.0,3.4,1.0,0.6,2.7,3.3,18.8,F
2,Ray Allen,34,24,24,38.5,5.5,12.7,.431,2.3,6.0,.386,2.9,3.3,.863,0.5,2.8,3.3,2.6,0.9,0.1,1.5,3.1,16.1,G
3,Rajon Rondo,23,24,24,40.6,6.3,13.6,.463,0.4,1.0,.375,2.8,4.8,.596,1.6,4.0,5.6,9.3,1.9,0.1,3.0,2.4,15.8,G
4,Kevin Garnett,33,23,23,33.3,6.5,13.1,.495,0.0,0.1,.000,2.0,2.4,.839,1.4,6.0,7.4,2.5,1.1,0.9,1.3,3.2,15.0,F
5,Glen Davis,24,24,1,20.1,2.5,5.2,.476,0.0,0.1,.000,2.4,3.3,.722,1.6,2.9,4.5,0.4,0.8,0.4,0.9,2.3,7.3,F
6,Rasheed Wallace,35,24,1,17.1,2.2,5.2,.416,0.8,2.3,.345,1.0,1.2,.828,0.2,2.8,3.0,0.4,0.4,0.6,0.4,3.4,6.1
7,Kendrick Perkins,25,23,23,25.0,2.1,4.2,.510,0.0,0.0,.000,1.4,2.4,.600,1.8,4.4,6.2,1.0,0.4,1.4,1.9,3.4,5.7
8,Tony Allen,28,24,0,16.3,2.0,4.1,.480,0.0,0.2,.000,1.2,1.5,.778,0.5,1.2,1.7,0.7,1.0,0.6,1.0,2.4,5.1
9,Nate Robinson,25,17,0,7.5,1.4,3.8,.375,0.6,1.9,.333,0.7,0.9,.800,0.2,0.6,0.8,1.1,0.4,0.1,0.4,0.9,4.2
10,Shelden Williams,26,8,0,7.1,0.5,1.1,.444,0.0,0.0,0,0.6,0.8,.833,0.3,1.4,1.6,0.0,0.1,0.0,0.8,1.0,1.6
11,Marquis Daniels,29,11,0,3.4,0.5,1.2,.385,0.1,0.2,.500,0.5,0.5,1.000,0.5,0.5,0.9,0.1,0.0,0.0,0.3,0.4,1.5
12,Michael Finley,36,18,0,6.0,0.3,1.1,.250,0.2,0.6,.273,0.1,0.1,1.000,0.1,0.6,0.6,0.2,0.2,0.0,0.0,0.2,0.8
13,Brian Scalabrine,31,1,0,1.0,0.0,0.0,0,0.0,0.0,0,0.0,0.0,0,0.0,0.0,0.0,0.0,0.0,0.0,0.0,0.0,0.0
Cleveland Cavaliers
13
1,LeBron James,25,11,11,41.8,9.6,19.2,.502,1.8,4.5,.400,8.0,10.9,.733,1.4,7.9,9.3,7.6,1.7,1.8,3.8,2.1,29.1,F
2,Antawn Jamison,33,11,11,34.1,5.8,12.5,.467,0.9,3.5,.256,2.7,3.7,.732,1.5,5.9,7.4,1.3,0.6,1.0,1.6,3.5,15.3,F
3,Mo Williams,27,11,11,37.4,4.7,11.5,.409,1.5,4.7,.327,3.4,4.2,.804,0.3,2.8,3.1,5.4,0.5,0.2,2.1,3.2,14.4,G
4,Shaquille O'Neal,37,11,11,22.1,4.4,8.5,.516,0.0,0.0,0,2.8,4.3,.660,1.9,3.6,5.5,1.4,0.2,1.2,2.2,3.7,11.5,C
5,Anthony Parker,34,11,11,30.1,2.7,5.8,.469,1.8,4.0,.455,1.0,1.4,.733,0.1,2.3,2.4,1.3,0.8,0.3,1.0,1.5,8.3,G
6,Delonte West,26,11,0,24.5,2.5,6.1,.418,0.3,1.7,.158,1.4,1.5,.938,0.5,1.4,1.9,2.6,0.8,0.3,1.7,1.5,6.7
7,Anderson Varejao,27,11,0,23.2,1.8,4.4,.417,0.0,0.1,.000,2.1,2.8,.742,2.0,4.5,6.5,0.6,1.0,0.8,1.1,3.5,5.7
8,Jamario Moon,29,11,0,10.3,1.3,2.2,.583,0.7,1.5,.500,0.2,0.3,.667,0.2,1.3,1.5,0.5,0.4,0.5,0.0,0.7,3.5
9,J.J. Hickson,21,11,0,7.2,1.3,2.0,.636,0.0,0.0,0,1.0,1.5,.688,0.1,0.7,0.8,0.1,0.0,0.0,0.5,0.8,3.5
10,Zydrunas Ilgauskas,34,7,0,9.9,0.7,1.9,.385,0.0,0.0,0,0.3,0.4,.667,1.0,0.6,1.6,0.4,0.0,1.0,0.1,1.4,1.7
11,Leon Powe,26,3,0,3.0,0.3,1.3,.250,0.0,0.0,0,1.0,1.3,.750,0.3,0.3,0.7,0.0,0.0,0.0,0.3,1.0,1.7
12,Daniel Gibson,23,5,0,4.6,0.4,1.4,.286,0.2,0.8,.250,0.4,0.4,1.000,0.0,0.6,0.6,0.2,0.0,0.0,0.4,0.6,1.4
13,Jawad Williams,26,3,0,1.3,0.0,0.7,.000,0.0,0.7,.000,0.0,0.0,0,0.0,0.0,0.0,0.0,0.0,0.0,0.0,0.3,0.0
Orlando Magic
12
1,Jameer Nelson,27,14,14,34.2,6.5,13.6,.479,2.4,6.0,.393,3.6,4.4,.823,0.6,2.9,3.6,4.8,1.0,0.0,2.5,2.7,19.0,G
2,Dwight Howard,24,14,14,35.5,6.1,10.0,.614,0.0,0.0,0,5.9,11.3,.519,2.7,8.4,11.1,1.4,0.8,3.5,3.6,4.2,18.1,C
3,Vince Carter,33,14,14,34.3,5.3,13.1,.402,0.9,3.6,.235,4.1,4.9,.826,0.6,3.6,4.2,2.3,0.9,0.2,1.6,3.6,15.5,G
4,Rashard Lewis,30,14,14,36.6,4.7,10.2,.462,2.0,5.4,.373,1.4,1.8,.800,1.1,4.6,5.6,2.3,1.1,0.7,1.8,2.7,12.9,F
5,Mickael Pietrus,27,14,0,20.1,2.5,5.7,.438,2.0,4.4,.459,1.4,2.1,.667,0.1,1.3,1.4,0.7,0.6,0.4,0.4,1.9,8.4,G
6,J.J. Redick,25,14,0,19.2,2.1,5.1,.423,1.1,2.5,.429,2.1,2.5,.857,0.3,1.4,1.7,1.4,0.7,0.0,1.4,1.6,7.5
7,Matt Barnes,29,14,14,23.3,2.1,5.4,.400,0.9,2.3,.375,1.2,1.4,.850,1.1,3.6,4.7,1.4,0.7,0.2,0.7,2.0,6.4
8,Marcin Gortat,25,14,0,15.1,1.2,1.9,.654,0.0,0.0,0,0.6,0.8,.727,1.7,2.7,4.4,0.6,0.2,0.3,0.2,2.1,3.0
9,Brandon Bass,24,7,0,6.0,1.0,1.9,.538,0.0,0.0,0,0.7,0.9,.833,0.3,0.9,1.1,0.1,0.0,0.0,0.1,0.3,2.7
10,Ryan Anderson,21,9,0,9.9,1.0,3.2,.310,0.4,1.6,.286,0.1,0.1,1.000,0.9,2.6,3.4,0.3,0.2,0.2,0.6,1.3,2.6
11,Jason Williams,34,14,0,13.7,0.9,2.7,.342,0.4,1.7,.250,0.4,0.4,1.000,0.2,0.6,0.8,1.6,0.3,0.0,0.4,0.6,2.6
12,Anthony Johnson,35,1,0,5.0,1.0,2.0,.500,0.0,1.0,.000,0.0,0.0,0,0.0,0.0,0.0,2.0,0.0,0.0,0.0,0.0,2.0
Atlanta Hawks
13
1,Joe Johnson,28,11,11,40.0,7.0,18.1,.387,0.8,3.7,.220,3.1,3.8,.810,1.8,3.3,5.1,5.0,0.9,0.3,2.3,2.0,17.9,G
2,Jamal Crawford,29,11,0,31.9,5.1,14.0,.364,1.6,4.5,.360,4.5,5.3,.845,0.1,2.6,2.7,2.7,0.8,0.1,1.8,2.4,16.3,G
3,Al Horford,23,11,11,35.3,6.1,11.6,.523,0.1,0.1,1.000,2.4,2.8,.839,2.5,6.5,9.0,1.8,0.7,1.7,1.4,3.2,14.6,C
4,Josh Smith,24,11,11,35.6,5.6,11.7,.481,0.2,0.5,.333,2.6,4.0,.659,3.4,5.6,9.0,2.6,1.2,1.7,1.5,2.7,14.1,F
5,Mike Bibby,31,11,11,26.5,3.3,7.3,.450,1.3,3.1,.412,0.6,0.9,.700,0.5,2.1,2.5,2.5,0.8,0.0,1.1,2.4,8.5,G
6,Marvin Williams,23,11,11,31.4,2.8,7.2,.392,0.1,0.2,.500,2.6,2.9,.906,2.1,3.6,5.7,0.7,0.5,0.5,0.5,1.8,8.4
7,Zaza Pachulia,25,11,0,14.6,1.6,3.2,.514,0.0,0.0,0,1.4,2.2,.625,1.7,1.7,3.5,0.3,0.2,0.6,0.8,3.1,4.6
8,Maurice Evans,31,11,0,13.5,1.0,3.4,.297,0.3,0.9,.300,0.0,0.0,0,0.4,0.8,1.2,0.2,0.8,0.0,0.5,1.7,2.3
9,Jason Collins,31,3,0,3.3,1.0,1.7,.600,0.0,0.0,0,0.0,0.0,0,1.0,0.7,1.7,0.0,0.0,0.0,0.3,2.3,2.0
10,Jeff Teague,21,9,0,6.6,0.8,2.3,.333,0.2,0.6,.400,0.0,0.0,0,0.0,0.2,0.2,0.4,0.3,0.1,0.4,0.3,1.8
11,Randolph Morris,24,3,0,3.3,0.3,0.7,.500,0.0,0.0,0,0.3,0.3,1.000,0.3,0.3,0.7,0.0,0.0,0.0,0.0,1.0,1.0
12,Mario West,25,7,0,2.9,0.4,0.6,.750,0.0,0.1,.000,0.0,0.0,0,0.1,0.1,0.3,0.1,0.1,0.0,0.0,1.0,0.9
13,Joe Smith,34,5,0,4.8,0.0,0.6,.000,0.0,0.0,0,0.0,0.0,0,0.2,0.2,0.4,0.0,0.0,0.2,0.2,0.2,0.0
Phoenix Suns
13
1,Amare Stoudemire,27,16,16,36.5,7.8,14.9,.519,0.0,0.3,.000,6.7,8.9,.754,2.9,3.8,6.6,1.1,0.7,1.5,2.5,3.4,22.2,F
2,Jason Richardson,29,16,16,33.3,7.0,13.9,.502,3.0,6.3,.475,2.8,3.6,.759,1.1,4.3,5.4,1.1,1.1,0.3,0.6,2.2,19.8,G
3,Steve Nash,35,16,16,33.7,6.2,11.9,.518,1.2,3.1,.380,4.2,4.7,.893,0.4,2.9,3.3,10.1,0.3,0.1,3.8,1.3,17.8,G
4,Grant Hill,37,16,16,28.3,3.7,7.7,.480,0.2,1.0,.188,2.1,2.4,.868,0.8,5.1,5.8,2.3,0.8,0.6,1.2,2.9,9.6,F
5,Channing Frye,26,16,0,27.2,2.7,7.4,.364,1.9,5.4,.349,0.9,1.0,.938,0.6,5.0,5.6,0.9,0.8,0.6,0.5,3.1,8.2,F
6,Robin Lopez,21,6,6,17.3,3.2,5.8,.543,0.0,0.0,0,1.5,1.5,1.000,2.0,2.0,4.0,0.0,0.3,0.2,0.5,1.8,7.8
7,Jared Dudley,24,16,0,23.6,2.5,5.4,.465,1.6,3.7,.424,1.1,1.8,.607,0.9,2.8,3.8,1.8,1.1,0.4,0.6,2.3,7.6
8,Goran Dragic,23,16,0,14.8,2.7,6.3,.430,0.8,2.5,.325,1.4,1.9,.742,0.6,1.2,1.8,2.3,0.3,0.1,1.0,1.1,7.6
9,Leandro Barbosa,27,16,0,15.6,2.7,6.4,.417,0.8,2.2,.343,1.1,1.5,.708,0.1,1.2,1.3,1.3,0.3,0.1,0.9,2.1,7.2
10,Louis Amundson,27,16,0,12.1,1.2,2.3,.528,0.0,0.0,0,0.6,1.3,.429,1.9,1.6,3.5,0.1,0.4,0.4,0.4,1.9,2.9
11,Dwayne Jones,26,2,0,5.0,0.5,1.0,.500,0.0,0.0,0,1.5,2.0,.750,0.5,2.0,2.5,0.0,0.0,0.0,0.5,0.0,2.5
12,Earl Clark,22,3,0,4.3,0.3,1.0,.333,0.0,0.0,0,0.7,0.7,1.000,0.0,0.7,0.7,0.3,0.3,0.0,0.7,0.3,1.3
13,Jarron Collins,31,11,10,10.5,0.5,1.4,.333,0.0,0.0,0,0.2,0.2,1.000,0.8,0.7,1.5,0.0,0.1,0.1,0.3,2.0,1.1
Utah Jazz
13
1,Deron Williams,25,10,10,39.8,6.7,14.9,.450,2.0,5.1,.392,8.9,11.1,.802,0.4,2.3,2.7,10.2,1.0,0.4,3.0,3.7,24.3,G
2,Carlos Boozer,28,10,10,40.2,8.9,16.8,.530,0.0,0.0,0,1.9,3.5,.543,3.3,9.9,13.2,3.0,0.4,0.7,2.4,3.8,19.7,F
3,Paul Millsap,24,10,0,32.3,7.0,12.2,.574,0.0,0.2,.000,4.0,5.8,.690,3.4,5.4,8.8,2.2,1.1,1.4,1.3,3.6,18.0,F
4,C.J. Miles,22,10,10,33.7,4.7,10.6,.443,1.5,4.6,.326,3.5,3.9,.897,0.5,2.0,2.5,2.8,0.6,0.6,1.9,4.8,14.4,G
5,Wesley Matthews,23,10,10,37.1,3.9,10.1,.386,1.5,4.2,.357,3.9,4.8,.813,1.0,3.4,4.4,1.7,1.8,0.5,1.5,3.4,13.2,G
6,Kyle Korver,28,10,0,21.0,3.2,6.1,.525,1.1,2.3,.478,0.8,0.9,.889,0.0,1.1,1.1,1.3,0.5,0.0,0.7,2.2,8.3
7,Mehmet Okur,30,1,1,11.0,2.0,2.0,1.000,1.0,1.0,1.000,2.0,2.0,1.000,1.0,1.0,2.0,0.0,0.0,0.0,1.0,0.0,7.0
8,Andrei Kirilenko,28,2,0,15.0,2.5,5.0,.500,0.0,0.5,.000,0.5,0.5,1.000,1.5,1.5,3.0,0.0,0.5,0.5,0.0,1.0,5.5
9,Kyrylo Fesenko,23,10,9,18.1,1.3,3.0,.433,0.0,0.0,0,0.7,2.1,.333,0.8,3.1,3.9,1.2,0.0,0.5,1.4,3.0,3.3
10,Sundiata Gaines,23,5,0,1.4,1.0,1.2,.833,0.2,0.2,1.000,0.0,0.4,.000,0.2,0.2,0.4,0.0,0.0,0.0,0.0,0.2,2.2
11,Ronnie Price,26,10,0,9.0,0.7,2.4,.292,0.2,0.7,.286,0.4,0.8,.500,0.5,0.5,1.0,1.4,0.4,0.1,0.2,2.0,2.0
12,Kosta Koufos,20,9,0,3.4,0.4,1.1,.400,0.0,0.0,0,0.0,0.0,0,0.4,0.6,1.0,0.0,0.0,0.1,0.2,0.2,0.9
13,Othyus Jeffers,24,6,0,1.7,0.2,1.0,.167,0.0,0.0,0,0.0,0.2,.000,0.2,0.0,0.2,0.0,0.0,0.0,0.2,0.0,0.3
San Antonio Spurs
12
1,Manu Ginobili,32,10,10,35.2,5.8,14.0,.414,2.0,6.0,.333,5.8,6.7,.866,0.4,3.3,3.7,6.0,2.6,0.2,3.0,3.0,19.4,G
2,Tim Duncan,33,10,10,37.3,7.8,15.0,.520,0.1,0.2,.500,3.3,6.9,.478,3.0,6.9,9.9,2.6,0.8,1.7,2.4,2.7,19.0,F
3,Tony Parker,27,10,2,33.5,7.3,15.4,.474,0.2,0.3,.667,2.5,4.2,.595,0.9,2.9,3.8,5.4,0.6,0.0,2.2,2.0,17.3,G
4,George Hill,23,10,8,34.4,4.6,10.2,.451,1.1,2.9,.379,3.1,3.7,.838,0.5,2.6,3.1,0.7,1.0,0.2,0.8,2.1,13.4,G
5,Richard Jefferson,29,10,10,33.4,3.4,7.0,.486,0.1,0.5,.200,2.5,3.3,.758,0.8,4.5,5.3,1.8,0.6,0.6,1.5,2.0,9.4,F
6,Antonio McDyess,35,10,10,24.7,3.3,6.2,.532,0.0,0.0,0,0.2,0.2,1.000,1.8,5.0,6.8,1.2,0.2,0.7,0.9,2.7,6.8
7,Matt Bonner,29,10,0,17.3,1.9,4.4,.432,1.0,2.7,.370,0.2,0.2,1.000,0.7,2.5,3.2,0.4,0.1,0.3,0.7,2.2,5.0
8,Ian Mahinmi,23,2,0,9.5,1.5,3.0,.500,0.0,0.0,0,1.5,2.0,.750,0.0,1.0,1.0,0.0,0.0,0.5,1.0,1.5,4.5
9,DeJuan Blair,20,10,0,9.1,1.6,3.2,.500,0.0,0.0,0,0.5,0.9,.556,1.9,2.0,3.9,0.5,0.5,0.4,0.2,1.8,3.7
10,Garrett Temple,23,6,0,2.5,0.2,0.5,.333,0.2,0.5,.333,0.2,0.2,1.000,0.0,0.3,0.3,0.3,0.2,0.0,0.3,0.2,0.7
11,Keith Bogans,29,8,0,6.9,0.3,1.3,.200,0.1,0.8,.167,0.0,0.0,0,0.1,0.6,0.8,0.3,0.3,0.1,0.3,1.1,0.6
12,Roger Mason,29,6,0,10.2,0.2,2.0,.083,0.2,1.2,.143,0.0,0.0,0,0.0,0.7,0.7,0.3,0.2,0.0,0.3,2.0,0.5
Los Angeles Lakers
13
1,Kobe Bryant,31,23,23,40.1,10.2,22.2,.458,2.1,5.7,.374,6.7,8.0,.842,1.1,4.9,6.0,5.5,1.3,0.7,3.4,3.3,29.2,G
2,Pau Gasol,29,23,23,39.7,7.2,13.3,.539,0.0,0.1,.000,5.2,6.9,.759,4.0,7.1,11.1,3.5,0.4,2.1,1.9,2.7,19.6,F
3,Metta World Peace,30,23,23,36.5,4.4,11.0,.398,1.5,5.1,.291,1.0,1.7,.579,1.4,2.5,4.0,2.1,1.5,0.5,1.1,2.9,11.2,F
4,Derek Fisher,35,23,23,32.8,3.6,8.0,.448,1.2,3.3,.360,2.0,2.4,.821,0.4,2.1,2.5,2.8,1.2,0.0,1.6,3.6,10.3,G
5,Lamar Odom,30,23,0,29.0,4.0,8.4,.469,0.4,1.8,.244,1.3,2.2,.600,2.6,6.0,8.6,2.0,0.7,0.9,1.2,3.7,9.7,F
6,Andrew Bynum,22,23,23,24.4,3.5,6.5,.537,0.0,0.0,0,1.7,2.4,.679,2.6,4.3,6.9,0.5,0.3,1.6,0.9,2.7,8.6
7,Shannon Brown,24,23,0,14.1,1.8,4.7,.393,0.4,1.4,.281,0.9,1.2,.714,0.3,1.0,1.3,0.9,0.4,0.3,0.6,1.6,4.9
8,Jordan Farmar,23,23,0,13.1,1.7,4.1,.404,0.9,2.2,.400,0.4,0.6,.692,0.0,1.1,1.2,1.4,0.7,0.0,0.9,1.3,4.6
9,Adam Morrison,25,2,0,6.5,2.0,4.5,.444,0.0,1.0,.000,0.0,0.0,0,1.0,1.5,2.5,0.5,0.0,0.0,0.0,1.0,4.0
10,Sasha Vujacic,25,10,0,7.6,1.0,2.3,.435,0.6,1.5,.400,0.5,0.6,.833,0.3,0.5,0.8,0.5,0.2,0.0,0.3,0.8,3.1
11,Didier Ilunga-Mbenga,29,3,0,4.0,0.7,2.0,.333,0.0,0.0,0,0.3,0.3,1.000,0.0,1.7,1.7,0.3,0.0,0.0,0.0,0.7,1.7
12,Luke Walton,29,16,0,6.0,0.4,1.4,.304,0.1,0.6,.222,0.1,0.3,.500,0.0,0.5,0.5,0.9,0.1,0.1,0.3,0.8,1.1
13,Josh Powell,27,13,0,3.1,0.2,0.6,.375,0.0,0.1,.000,0.2,0.3,.750,0.2,0.3,0.5,0.1,0.0,0.0,0.1,0.7,0.7
2009
Los Angeles Lakers
Boston Celtics
13
1,Paul Pierce,31,14,14,39.7,6.8,15.8,.430,1.4,4.1,.333,6.1,7.2,.842,0.3,5.5,5.8,3.1,1.1,0.4,2.4,3.1,21.0,F
2,Ray Allen,33,14,14,40.4,5.9,14.7,.403,2.5,7.1,.350,3.9,4.1,.948,0.9,3.0,3.9,2.6,1.1,0.4,1.8,2.5,18.3,G
3,Rajon Rondo,22,14,14,41.2,6.6,15.9,.417,0.4,1.7,.250,3.1,4.8,.657,2.3,7.4,9.7,9.8,2.5,0.2,2.7,3.4,16.9,G
4,Glen Davis,23,14,14,36.4,6.1,12.5,.491,0.0,0.0,0,3.5,4.9,.710,2.4,3.3,5.6,1.8,1.3,0.6,1.4,4.2,15.8,F
5,Kendrick Perkins,24,14,14,36.6,5.2,9.1,.575,0.0,0.1,.000,1.4,2.1,.667,3.6,7.9,11.6,1.4,0.4,2.6,2.4,3.6,11.9,C
6,Eddie House,30,14,0,16.6,2.9,5.5,.519,1.3,2.6,.486,0.7,0.8,.909,0.1,1.3,1.4,0.9,0.8,0.0,0.4,1.9,7.7
7,Brian Scalabrine,30,12,0,20.5,1.8,4.3,.423,1.1,2.4,.448,0.3,0.3,1.000,0.6,1.6,2.2,1.0,0.2,0.4,0.4,3.6,5.1
8,Leon Powe,25,2,0,12.0,1.5,3.5,.429,0.0,0.0,0,2.0,3.0,.667,0.5,4.0,4.5,0.0,0.0,0.0,0.5,1.5,5.0
9,Stephon Marbury,31,14,0,11.9,1.4,4.7,.303,0.2,0.9,.250,0.6,0.6,1.000,0.1,0.8,0.9,1.8,0.1,0.0,0.7,1.1,3.7
10,Mikki Moore,33,10,0,6.6,0.5,1.0,.500,0.0,0.0,0,0.5,0.6,.833,0.6,0.9,1.5,0.4,0.2,0.5,0.1,1.1,1.5
11,Tony Allen,27,10,0,6.0,0.4,0.8,.500,0.0,0.0,0,0.1,0.1,1.000,0.1,0.8,0.9,0.3,0.2,0.0,0.1,0.4,0.9
12,Bill Walker,21,4,0,2.5,0.0,0.5,.000,0.0,0.0,0,0.5,0.5,1.000,0.0,0.0,0.0,0.0,0.5,0.0,0.5,0.5,0.5
13,Gabe Pruitt,22,4,0,2.8,0.0,0.8,.000,0.0,0.3,.000,0.0,0.0,0,0.0,0.0,0.0,0.5,0.0,0.3,0.5,0.0,0.0
Cleveland Cavaliers
12
1,LeBron James,24,14,14,41.4,11.4,22.3,.510,1.9,5.8,.333,10.6,14.2,.749,1.4,7.8,9.1,7.3,1.6,0.9,2.7,2.1,35.3,F
2,Mo Williams,26,14,14,38.6,5.7,14.0,.408,2.5,6.7,.372,2.4,3.1,.767,0.6,2.6,3.2,4.1,0.7,0.1,2.1,3.1,16.3,G
3,Delonte West,25,14,14,42.2,5.2,11.2,.465,0.9,2.6,.333,2.5,3.0,.833,0.4,3.1,3.5,4.1,1.4,0.5,2.4,2.0,13.8,G
4,Zydrunas Ilgauskas,33,14,14,29.1,4.4,9.9,.449,0.1,0.9,.154,1.5,2.4,.636,1.9,5.9,7.8,1.2,0.4,0.9,0.6,3.4,10.5,C
5,Anderson Varejao,26,14,14,30.0,2.9,5.9,.500,0.0,0.0,0,1.1,1.6,.682,2.9,3.5,6.4,0.6,1.3,1.1,1.1,3.5,6.9,F
6,Joe Smith,33,13,0,16.8,1.8,3.8,.460,0.2,0.4,.600,1.8,2.2,.793,0.8,2.9,3.7,0.2,0.5,0.5,0.5,1.9,5.5
7,Wally Szczerbiak,31,12,0,12.8,1.3,3.0,.444,0.2,1.0,.167,0.8,0.9,.818,0.7,1.7,2.3,0.6,0.2,0.1,0.8,1.6,3.6
8,Daniel Gibson,22,14,0,12.3,0.9,2.9,.325,0.7,2.0,.357,0.8,0.8,1.000,0.1,0.4,0.5,0.4,0.1,0.2,0.5,1.3,3.4
9,Sasha Pavlovic,25,11,0,8.3,0.9,1.8,.500,0.2,0.7,.250,0.1,0.3,.333,0.1,1.3,1.4,0.4,0.4,0.0,0.3,0.8,2.1
10,Ben Wallace,34,14,0,12.6,0.6,0.9,.615,0.0,0.0,0,0.0,0.4,.000,1.3,1.4,2.7,0.3,0.3,0.3,0.2,0.9,1.1
11,Tarence Kinsey,24,9,0,1.2,0.1,0.3,.333,0.0,0.0,0,0.2,0.2,1.000,0.1,0.1,0.2,0.0,0.1,0.0,0.1,0.2,0.4
12,Darnell Jackson,23,5,0,5.0,0.2,1.0,.200,0.0,0.0,0,0.0,0.4,.000,0.0,1.0,1.0,0.2,0.0,0.0,0.2,1.0,0.4
Orlando Magic
14
1,Dwight Howard,23,23,23,39.3,7.0,11.7,.601,0.0,0.1,.000,6.3,9.9,.636,4.3,11.0,15.3,1.9,0.9,2.6,2.9,4.4,20.3,C
2,Rashard Lewis,29,24,24,41.1,6.5,14.5,.448,2.2,5.5,.394,3.8,4.8,.784,1.2,5.2,6.4,2.9,1.0,0.5,2.1,2.1,19.0,F
3,Hedo Turkoglu,29,24,24,38.9,5.3,12.3,.427,1.3,3.5,.386,3.9,4.8,.817,0.4,4.2,4.5,4.8,0.8,0.2,2.7,3.3,15.8,F
4,Rafer Alston,32,23,23,32.2,4.6,12.1,.380,1.6,4.9,.319,1.4,1.9,.750,0.1,2.3,2.4,4.1,1.4,0.2,1.7,2.3,12.2,G
5,Mickael Pietrus,26,24,0,25.8,3.5,7.3,.483,1.5,4.0,.385,2.0,2.7,.723,0.8,1.8,2.6,0.6,0.8,0.5,0.9,3.2,10.5,G
6,Courtney Lee,23,21,16,26.2,3.2,7.3,.435,0.6,2.1,.273,1.1,1.2,.885,0.3,1.6,1.9,1.3,0.9,0.1,1.0,2.0,8.0
7,J.J. Redick,24,16,8,20.4,1.9,5.2,.373,1.3,3.3,.404,0.8,0.9,.929,0.1,1.1,1.2,1.9,0.5,0.1,0.4,1.6,6.0
8,Tyronn Lue,31,1,0,4.0,2.0,2.0,1.000,1.0,1.0,1.000,0.0,0.0,0,0.0,0.0,0.0,0.0,0.0,0.0,0.0,0.0,5.0
9,Anthony Johnson,34,19,1,14.7,1.7,4.5,.376,0.5,1.6,.300,0.5,0.9,.500,0.4,1.0,1.4,2.1,0.6,0.0,0.6,1.5,4.3
10,Jameer Nelson,26,5,0,18.0,1.6,4.6,.348,0.2,1.2,.167,0.4,0.8,.500,0.2,1.2,1.4,2.8,0.2,0.0,1.4,0.6,3.8
11,Marcin Gortat,24,24,1,11.3,1.4,2.2,.654,0.0,0.0,0,0.4,0.7,.625,0.8,2.4,3.2,0.1,0.4,0.6,0.5,1.6,3.3
12,Tony Battie,32,21,0,6.1,1.0,2.1,.467,0.0,0.0,0,0.1,0.2,.600,0.3,0.6,1.0,0.1,0.0,0.1,0.1,0.6,2.1
13,Adonal Foyle,33,2,0,2.0,0.0,0.5,.000,0.0,0.0,0,0.0,0.0,0,0.0,0.5,0.5,0.0,0.0,0.0,0.5,0.5,0.0
14,Jeremy Richardson,24,1,0,2.0,0.0,1.0,.000,0.0,0.0,0,0.0,0.0,0,0.0,0.0,0.0,0.0,0.0,0.0,1.0,0.0,0.0
Atlanta Hawks
15
1,Josh Smith,23,11,11,37.3,6.1,14.5,.421,0.2,1.4,.133,4.7,6.5,.732,2.2,5.3,7.5,2.2,1.1,1.5,1.9,3.3,17.1,F
2,Joe Johnson,27,11,11,39.0,6.4,15.3,.417,1.1,3.2,.343,2.5,4.1,.622,1.5,2.9,4.5,3.5,1.3,0.0,2.9,2.2,16.4,G
3,Mike Bibby,30,11,11,35.5,4.5,9.6,.462,2.4,4.4,.542,1.9,2.0,.955,0.5,2.8,3.4,4.2,0.9,0.2,2.2,3.1,13.2,G
4,Ronald Murray,29,11,0,31.0,3.8,11.2,.341,1.3,4.5,.280,2.9,3.4,.865,0.5,2.2,2.7,2.5,1.1,0.3,1.3,1.5,11.8,G
5,Zaza Pachulia,24,11,1,23.6,2.0,4.8,.415,0.0,0.0,0,2.9,3.8,.762,2.5,4.4,6.9,0.3,0.5,0.3,1.3,3.6,6.9,C
6,Al Horford,22,9,9,28.0,2.8,6.6,.424,0.0,0.1,.000,1.3,2.0,.667,1.3,4.4,5.8,2.0,0.7,0.7,0.4,2.9,6.9
7,Maurice Evans,30,11,8,24.1,2.5,5.9,.431,0.7,2.5,.286,0.4,0.5,.667,0.7,0.7,1.5,0.9,0.5,0.3,0.4,2.6,6.2
8,Marvin Williams,22,6,3,16.2,1.7,4.8,.345,0.2,1.0,.167,1.5,2.2,.692,0.5,1.0,1.5,1.0,0.8,0.3,1.0,1.3,5.0
9,Thomas Gardner,23,3,0,6.3,1.7,4.3,.385,1.0,2.0,.500,0.3,0.3,1.000,0.0,0.7,0.7,0.7,0.3,0.0,0.0,1.3,4.7
10,Solomon Jones,24,9,1,8.6,0.7,1.3,.500,0.0,0.0,0,0.2,0.2,1.000,1.0,0.8,1.8,0.2,0.1,0.0,0.1,1.0,1.6
11,Acie Law,24,6,0,4.7,0.5,1.5,.333,0.2,0.5,.333,0.2,0.2,1.000,0.2,0.2,0.3,1.0,0.0,0.0,0.2,0.5,1.3
12,Othello Hunter,22,4,0,3.5,0.5,0.8,.667,0.0,0.0,0,0.0,0.0,0,0.8,0.8,1.5,0.0,0.3,0.3,0.0,0.3,1.0
13,Mario West,24,11,0,4.2,0.2,0.9,.200,0.0,0.1,.000,0.1,0.4,.250,0.0,0.5,0.5,0.2,0.2,0.0,0.1,0.2,0.5
14,Speedy Claxton,30,1,0,3.0,0.0,0.0,0,0.0,0.0,0,0.0,0.0,0,0.0,0.0,0.0,0.0,0.0,0.0,0.0,0.0,0.0
15,Randolph Morris,23,3,0,2.7,0.0,0.3,.000,0.0,0.0,0,0.0,0.0,0,0.3,0.3,0.7,0.0,0.3,0.0,0.3,0.7,0.0
Los Angeles Lakers
12
1,Kobe Bryant,30,23,23,40.9,10.5,23.0,.457,1.6,4.6,.349,7.6,8.6,.883,0.8,4.5,5.3,5.5,1.7,0.9,2.6,2.6,30.2,G
2,Pau Gasol,28,23,23,40.5,7.0,12.0,.580,0.0,0.0,0,4.3,6.1,.714,3.0,7.9,10.8,2.5,0.8,2.0,1.9,3.0,18.3,F
3,Lamar Odom,29,23,5,32.0,4.7,9.0,.524,0.8,1.5,.514,2.1,3.5,.613,2.8,6.3,9.1,1.8,0.7,1.3,1.7,3.3,12.3,F
4,Trevor Ariza,23,23,23,31.4,4.0,8.0,.497,1.7,3.7,.476,1.6,2.8,.563,1.0,3.3,4.2,2.3,1.6,0.4,1.7,3.2,11.3,F
5,Derek Fisher,34,22,22,28.9,2.9,7.3,.394,0.9,3.0,.284,1.4,1.6,.861,0.3,1.7,2.0,2.2,1.0,0.0,1.1,2.8,8.0,G
6,Andrew Bynum,21,23,18,17.4,2.5,5.5,.457,0.0,0.0,0,1.2,1.9,.651,1.4,2.3,3.7,0.4,0.3,0.9,0.8,3.3,6.3
7,Shannon Brown,23,21,0,13.1,1.7,4.0,.434,0.6,1.2,.480,0.9,1.1,.792,0.4,0.8,1.2,0.6,0.5,0.1,0.5,1.3,4.9
8,Jordan Farmar,22,20,1,13.0,1.7,4.4,.391,0.6,2.0,.308,0.7,1.0,.737,0.3,1.2,1.4,1.7,0.5,0.2,0.9,0.8,4.7
9,Luke Walton,28,21,0,15.8,1.5,3.6,.427,0.2,0.8,.313,0.5,0.9,.611,0.8,1.7,2.5,2.1,0.7,0.1,1.0,2.0,3.8
10,Sasha Vujacic,24,23,0,10.9,1.0,4.0,.264,0.7,2.2,.314,0.2,0.3,.833,0.3,1.1,1.4,0.5,0.4,0.2,0.4,1.5,3.0
11,Josh Powell,26,14,0,5.2,0.8,1.9,.423,0.1,0.1,1.000,0.4,0.4,1.000,0.5,0.7,1.2,0.3,0.0,0.1,0.3,0.6,2.1
12,Didier Ilunga-Mbenga,28,7,0,2.3,0.1,0.9,.167,0.0,0.0,0,0.0,0.0,0,0.0,0.4,0.4,0.0,0.0,0.3,0.3,0.0,0.3
Denver Nuggets
12
1,Carmelo Anthony,24,16,16,38.3,9.1,20.1,.453,1.5,4.1,.364,7.4,9.0,.826,1.6,4.2,5.8,4.1,1.8,0.6,2.3,3.8,27.2,F
2,Chauncey Billups,32,16,16,38.7,5.6,12.3,.457,2.8,5.9,.468,6.6,7.3,.906,0.3,3.5,3.8,6.8,1.3,0.3,1.9,2.4,20.6,G
3,J.R. Smith,23,16,0,27.2,5.5,12.1,.454,2.4,6.6,.358,1.6,2.9,.543,0.7,2.6,3.3,2.8,1.1,0.3,1.6,3.2,14.9,G
4,Nene Hilario,26,16,16,32.8,4.3,7.9,.548,0.0,0.0,0,2.9,4.4,.657,2.3,5.2,7.5,2.6,1.3,0.6,1.9,4.1,11.5,F
5,Kenyon Martin,31,16,16,33.6,4.7,9.4,.497,0.1,0.3,.200,1.4,2.2,.657,1.5,4.4,5.9,2.1,1.1,0.9,1.6,3.8,10.9,F
6,Dahntay Jones,28,16,16,17.5,2.4,4.9,.481,0.2,0.8,.250,2.1,2.7,.767,1.0,1.4,2.4,0.6,0.8,0.3,0.8,2.6,7.0
7,Linas Kleiza,24,14,0,15.0,2.2,4.7,.470,1.2,2.9,.425,1.3,1.7,.750,0.6,2.6,3.2,0.5,0.4,0.1,0.1,1.2,6.9
8,Chris Andersen,30,15,0,21.9,2.3,3.6,.630,0.0,0.1,.000,1.9,2.9,.659,1.9,4.4,6.3,0.6,0.3,2.1,0.5,2.8,6.5
9,Anthony Carter,33,16,0,14.3,1.3,3.1,.408,0.1,0.8,.167,0.1,0.3,.500,0.7,1.3,2.0,2.1,0.9,0.1,0.7,1.7,2.8
10,Johan Petro,23,10,0,2.6,0.2,0.9,.222,0.0,0.0,0,0.5,0.8,.625,0.2,0.4,0.6,0.1,0.0,0.1,0.1,0.4,0.9
11,Renaldo Balkman,24,8,0,2.5,0.3,0.8,.333,0.0,0.1,.000,0.0,0.0,0,0.3,0.3,0.5,0.1,0.5,0.0,0.0,0.4,0.5
12,Jason Hart,30,9,0,2.1,0.1,0.2,.500,0.0,0.0,0,0.0,0.0,0,0.0,0.3,0.3,0.6,0.2,0.1,0.1,0.6,0.2
Dallas Mavericks
12
1,Dirk Nowitzki,30,10,10,39.4,8.8,17.0,.518,0.6,2.1,.286,8.6,9.3,.925,1.2,8.9,10.1,3.1,0.9,0.8,2.3,2.1,26.8,F
2,Josh Howard,28,10,10,29.5,5.6,12.8,.438,0.8,3.2,.250,3.8,4.9,.776,1.0,4.1,5.1,1.3,0.9,0.4,2.1,2.4,15.8,F
3,Jason Terry,31,10,1,32.5,4.9,12.6,.389,2.2,5.9,.373,2.3,3.0,.767,0.6,2.2,2.8,1.9,0.6,0.3,1.6,1.8,14.3,G
4,Jason Kidd,35,10,10,38.6,3.8,8.3,.458,2.1,4.7,.447,1.7,2.0,.850,0.7,5.1,5.8,5.9,2.2,0.3,2.0,2.4,11.4,G
5,Brandon Bass,23,10,0,19.2,3.3,6.0,.550,0.0,0.0,0,2.8,3.1,.903,1.3,2.8,4.1,0.7,0.7,0.4,0.4,2.2,9.4,F
6,Jose Barea,24,10,4,22.1,3.1,7.1,.437,0.5,1.6,.313,0.9,1.3,.692,0.3,1.7,2.0,3.4,0.3,0.0,0.6,1.3,7.6
7,Antoine Wright,24,10,5,16.7,2.1,4.3,.488,0.8,2.1,.381,0.9,1.1,.818,0.5,0.8,1.3,1.0,0.3,0.2,0.4,3.0,5.9
8,Erick Dampier,33,10,10,25.5,2.2,3.6,.611,0.0,0.0,0,1.3,2.1,.619,2.5,3.6,6.1,0.7,0.4,0.9,1.9,4.1,5.7
9,Ryan Hollins,24,9,0,9.3,0.9,1.6,.571,0.0,0.0,0,0.7,1.1,.600,1.0,1.7,2.7,0.1,0.1,0.4,0.4,2.4,2.4
10,Gerald Green,23,6,0,4.3,0.7,2.3,.286,0.2,0.8,.200,0.3,0.7,.500,0.0,0.3,0.3,0.0,0.2,0.0,0.3,0.7,1.8
11,James Singleton,27,9,0,4.7,0.6,1.1,.500,0.2,0.6,.400,0.0,0.2,.000,0.2,0.4,0.7,0.0,0.0,0.1,0.2,0.9,1.3
12,Matt Carroll,28,4,0,3.5,0.3,0.5,.500,0.0,0.0,0,0.0,0.0,0,0.0,0.5,0.5,0.0,0.0,0.0,0.3,0.3,0.5
Houston Rockets
13
1,Yao Ming,28,9,9,35.9,6.0,11.0,.545,0.0,0.0,0,5.1,5.7,.902,2.1,8.8,10.9,1.0,0.4,1.2,1.9,3.0,17.1,C
2,Aaron Brooks,24,13,13,34.2,5.9,13.1,.453,2.1,4.9,.422,2.8,3.5,.804,0.3,2.3,2.6,3.4,0.4,0.2,2.2,2.2,16.8,G
3,Metta World Peace,29,13,13,37.5,6.2,15.6,.394,1.8,6.4,.277,1.5,2.2,.714,0.9,3.4,4.3,4.2,1.1,0.2,2.5,2.1,15.6,F
4,Luis Scola,28,13,13,32.6,5.9,12.0,.494,0.0,0.0,0,2.5,3.8,.673,2.2,6.2,8.4,1.8,0.5,0.2,1.7,3.5,14.4,F
5,Von Wafer,23,13,0,13.9,3.0,7.1,.424,0.7,1.7,.409,1.5,1.7,.864,0.0,0.9,0.9,0.7,0.2,0.1,0.8,0.8,8.2,G
6,Shane Battier,30,13,13,38.2,2.5,6.2,.407,1.3,4.2,.315,1.7,1.8,.957,1.6,3.3,4.9,2.4,1.1,0.7,1.2,2.5,8.1
7,Carl Landry,25,13,0,18.5,3.0,5.4,.557,0.0,0.2,.000,1.5,2.5,.576,1.2,2.7,3.9,0.2,0.3,0.4,1.1,2.1,7.5
8,Kyle Lowry,22,13,0,19.5,1.6,4.8,.333,0.3,1.2,.250,1.8,2.4,.742,0.6,2.3,2.9,2.5,0.9,0.1,1.3,1.8,5.3
9,Brent Barry,37,4,0,8.8,1.3,2.5,.500,0.8,2.0,.375,0.0,0.0,0,0.0,1.0,1.0,0.8,0.5,0.0,1.0,0.8,3.3
10,Brian Cook,28,6,0,5.3,0.7,2.5,.267,0.3,1.5,.222,0.0,0.0,0,0.5,1.5,2.0,0.5,0.3,0.2,0.7,0.7,1.7
11,Chuck Hayes,25,13,4,13.3,0.8,1.6,.476,0.0,0.2,.000,0.0,0.0,0,1.0,2.0,3.0,0.8,1.0,0.2,0.3,2.1,1.5
12,James White,26,5,0,2.4,0.6,1.8,.333,0.2,0.4,.500,0.0,0.0,0,0.2,0.0,0.2,0.0,0.0,0.0,0.2,0.0,1.4
13,Dikembe Mutombo,42,2,0,10.0,0.0,0.0,0,0.0,0.0,0,0.0,1.0,.000,0.5,4.0,4.5,0.0,0.5,1.0,0.0,2.5,0.0
2008
Boston Celtics
Boston Celtics
12
1,Kevin Garnett,31,26,26,38.0,8.3,16.8,.495,0.1,0.3,.250,3.6,4.5,.810,2.8,7.8,10.5,3.3,1.3,1.1,2.1,2.8,20.4,F
2,Paul Pierce,30,26,26,38.1,6.3,14.2,.441,1.7,4.6,.361,5.5,6.8,.802,0.8,4.2,5.0,4.6,1.1,0.3,3.2,3.5,19.7,F
3,Ray Allen,32,26,26,38.0,5.1,12.0,.428,2.1,5.3,.396,3.2,3.5,.913,1.0,2.8,3.8,2.7,0.9,0.3,1.5,2.4,15.6,G
4,Rajon Rondo,21,26,26,32.0,4.1,10.1,.407,0.2,0.8,.250,1.8,2.6,.691,1.5,2.6,4.1,6.6,1.7,0.3,1.8,2.8,10.2,G
5,James Posey,31,26,0,22.0,2.0,4.6,.437,1.3,3.4,.398,1.3,1.5,.875,0.5,3.1,3.6,1.1,1.0,0.3,0.5,2.3,6.7,F
6,Kendrick Perkins,23,25,25,25.2,2.5,4.2,.585,0.0,0.0,.000,1.6,2.4,.678,2.1,4.0,6.1,0.5,0.6,1.3,1.2,3.6,6.6
7,Leon Powe,24,23,1,11.7,1.6,3.2,.493,0.0,0.0,0,1.9,2.9,.667,1.4,1.3,2.7,0.2,0.0,0.1,0.5,2.0,5.0
8,Sam Cassell,38,21,0,12.6,1.8,5.3,.333,0.3,1.3,.214,0.7,0.8,.824,0.1,0.6,0.7,1.2,0.4,0.0,0.6,1.4,4.5
9,P.J. Brown,38,25,0,13.6,1.0,2.2,.464,0.0,0.0,.000,0.8,1.0,.840,0.7,1.6,2.4,0.5,0.2,0.4,0.5,2.3,2.9
10,Eddie House,29,21,0,7.9,0.8,2.7,.304,0.5,1.5,.355,0.3,0.4,.875,0.1,1.0,1.0,0.9,0.2,0.0,0.2,0.6,2.5
11,Glen Davis,22,17,0,8.1,0.8,2.0,.412,0.0,0.1,.000,0.6,1.1,.611,0.7,0.8,1.5,0.4,0.3,0.2,0.6,1.6,2.3
12,Tony Allen,26,15,0,4.3,0.6,1.1,.563,0.0,0.1,.000,0.1,0.3,.400,0.1,0.1,0.2,0.2,0.1,0.0,0.1,0.3,1.3
Cleveland Cavaliers
13
1,LeBron James,23,13,13,42.5,8.7,21.2,.411,1.4,5.4,.257,9.4,12.8,.731,1.2,6.6,7.8,7.6,1.8,1.3,4.2,2.5,28.2,F
2,Zydrunas Ilgauskas,32,13,13,30.2,5.2,10.8,.479,0.0,0.0,0,2.8,3.4,.818,2.5,5.0,7.5,1.6,0.4,1.1,1.6,2.7,13.1,C
3,Delonte West,24,13,13,34.8,3.4,8.5,.400,1.4,3.2,.429,2.7,3.2,.854,0.6,2.7,3.3,4.2,1.2,0.5,2.5,3.1,10.8,G
4,Wally Szczerbiak,30,13,13,28.8,3.6,9.6,.376,1.5,4.8,.323,2.0,2.2,.929,0.3,1.5,1.8,1.5,0.2,0.1,0.8,2.5,10.8,F
5,Daniel Gibson,21,11,0,25.8,3.2,7.1,.449,1.7,3.8,.452,0.9,1.3,.714,0.4,1.4,1.7,2.5,0.6,0.2,1.4,1.6,9.0,G
6,Joe Smith,32,13,0,20.2,2.8,5.7,.486,0.0,0.1,.000,1.1,1.7,.636,1.5,3.1,4.6,0.5,0.4,0.5,0.5,3.2,6.6
7,Devin Brown,29,8,0,11.5,1.1,4.3,.265,0.6,2.1,.294,1.3,1.9,.667,1.0,1.4,2.4,1.1,0.3,0.0,1.1,1.3,4.1
8,Anderson Varejao,25,13,0,18.5,1.7,4.2,.407,0.0,0.0,0,0.7,1.6,.429,1.5,3.6,5.2,0.7,0.6,0.1,0.7,2.3,4.1
9,Sasha Pavlovic,24,8,0,13.9,1.3,3.3,.385,0.5,1.1,.444,0.5,0.8,.667,0.8,0.5,1.3,0.1,0.3,0.0,0.3,2.1,3.5
10,Ben Wallace,33,13,13,23.4,1.3,2.5,.515,0.0,0.0,0,0.5,1.5,.350,2.5,4.0,6.5,1.2,0.6,1.1,0.5,2.0,3.2
11,Damon Jones,31,5,0,5.2,0.4,2.0,.200,0.4,1.4,.286,0.0,0.0,0,0.0,0.0,0.0,0.2,0.0,0.0,0.2,0.2,1.2
12,Billy Thomas,32,3,0,2.7,0.3,0.7,.500,0.3,0.7,.500,0.0,0.0,0,0.0,0.3,0.3,0.3,0.3,0.0,0.0,0.0,1.0
13,Dwayne Jones,24,5,0,4.0,0.2,0.4,.500,0.0,0.0,0,0.2,0.4,.500,0.4,0.8,1.2,0.0,0.0,0.2,0.2,0.8,0.6
Orlando Magic
13
1,Rashard Lewis,28,10,10,41.7,7.1,16.3,.436,2.1,6.8,.309,3.2,3.9,.821,2.4,4.8,7.2,3.4,1.1,0.5,2.3,1.8,19.5,F
2,Dwight Howard,22,10,10,42.1,7.2,12.4,.581,0.0,0.0,0,4.5,8.3,.542,6.0,9.8,15.8,0.9,0.8,3.4,3.2,3.8,18.9,C
3,Hedo Turkoglu,28,10,10,39.9,6.3,14.1,.447,1.0,3.5,.286,3.9,4.6,.848,1.4,5.0,6.4,5.5,0.8,0.2,3.8,3.5,17.5,F
4,Jameer Nelson,25,10,10,33.3,5.7,11.3,.504,2.0,4.1,.488,2.8,3.7,.757,0.4,3.7,4.1,4.7,0.3,0.2,2.1,4.3,16.2,G
5,Maurice Evans,29,10,10,28.2,3.5,6.9,.507,1.5,3.6,.417,0.5,0.8,.625,0.7,1.8,2.5,0.7,0.8,0.1,0.9,1.2,9.0,G
6,Keith Bogans,27,10,0,29.3,2.5,6.8,.368,1.5,4.5,.333,0.8,1.1,.727,0.4,3.8,4.2,1.1,0.4,0.0,0.7,2.6,7.3
7,Keyon Dooling,27,10,0,14.8,2.2,5.6,.393,0.9,2.3,.391,1.3,1.5,.867,0.2,0.8,1.0,0.7,0.6,0.1,0.6,2.2,6.6
8,James Augustine,23,1,0,2.0,1.0,1.0,1.000,0.0,0.0,0,0.0,0.0,0,0.0,1.0,1.0,0.0,0.0,0.0,0.0,0.0,2.0
9,Carlos Arroyo,28,4,0,7.5,0.5,1.0,.500,0.0,0.3,.000,0.5,0.5,1.000,0.0,0.5,0.5,1.0,0.0,0.0,0.8,1.0,1.5
10,Marcin Gortat,23,8,0,6.0,0.6,0.8,.833,0.0,0.0,0,0.0,0.0,0,0.3,0.8,1.0,0.0,0.0,0.5,0.4,0.6,1.3
11,Adonal Foyle,32,3,0,3.7,0.3,1.0,.333,0.0,0.0,0,0.0,0.0,0,0.0,1.0,1.0,0.0,0.0,0.0,0.7,0.3,0.7
12,Pat Garrity,31,2,0,3.0,0.0,1.0,.000,0.0,0.5,.000,0.5,1.0,.500,0.0,1.0,1.0,0.0,0.0,0.0,0.0,0.0,0.5
13,J.J. Redick,23,2,0,5.0,0.0,2.0,.000,0.0,1.5,.000,0.0,0.0,0,0.0,0.5,0.5,0.0,0.0,0.0,0.0,0.5,0.0
Detroit Pistons
14
1,Richard Hamilton,29,17,17,38.6,7.9,16.8,.470,0.5,1.5,.308,5.4,5.9,.911,1.1,3.1,4.2,3.9,1.4,0.5,2.8,2.8,21.6,G
2,Chauncey Billups,31,15,15,32.0,4.6,11.5,.401,1.6,4.3,.375,5.3,6.3,.832,0.4,2.5,2.9,5.5,0.8,0.1,1.3,2.1,16.1,G
3,Tayshaun Prince,27,17,17,39.5,5.9,12.2,.481,0.5,1.5,.320,1.6,2.0,.794,1.9,3.6,5.5,3.2,0.8,0.5,1.9,1.8,13.8,F
4,Rasheed Wallace,33,17,17,34.4,5.1,11.9,.424,1.4,4.4,.320,1.7,2.3,.744,1.1,5.2,6.4,1.6,1.1,1.9,1.7,3.9,13.2,F
5,Antonio McDyess,33,17,11,27.5,3.8,7.0,.538,0.0,0.0,0,1.4,1.6,.821,2.8,4.6,7.4,0.9,0.6,0.5,1.2,3.8,8.9,F
6,Rodney Stuckey,21,17,2,22.4,2.5,6.8,.371,0.1,0.4,.286,3.0,3.4,.879,0.6,1.2,1.9,3.4,1.1,0.1,1.4,2.1,8.2
7,Jason Maxiell,24,17,6,21.8,2.4,3.8,.625,0.0,0.0,0,0.9,1.9,.469,1.2,2.8,4.0,0.9,0.9,1.3,0.6,2.8,5.6
8,Amir Johnson,20,8,0,5.4,1.1,1.5,.750,0.0,0.1,.000,0.4,0.8,.500,0.4,1.3,1.6,0.1,0.0,0.4,0.3,0.9,2.6
9,Jarvis Hayes,26,11,0,5.5,0.8,2.7,.300,0.5,1.3,.357,0.0,0.0,0,0.4,1.1,1.5,0.4,0.1,0.2,0.4,1.0,2.1
10,Lindsey Hunter,37,11,0,10.5,0.7,1.9,.381,0.5,1.0,.455,0.0,0.0,0,0.2,0.7,0.9,1.3,0.7,0.0,0.5,1.9,1.9
11,Theo Ratliff,34,12,0,10.9,0.5,1.0,.500,0.0,0.0,0,0.3,0.7,.500,1.2,1.1,2.3,0.1,0.1,0.9,0.3,1.9,1.3
12,Walter Herrmann,28,4,0,6.8,0.3,1.0,.250,0.3,0.3,1.000,0.5,1.0,.500,0.3,0.0,0.3,0.0,0.0,0.0,0.0,1.0,1.3
13,Arron Afflalo,22,12,0,7.0,0.6,1.5,.389,0.0,0.2,.000,0.0,0.0,0,0.0,0.4,0.4,0.5,0.3,0.0,0.1,0.4,1.2
14,Juan Dixon,29,2,0,3.5,0.0,1.0,.000,0.0,0.0,0,0.0,0.0,0,0.0,0.0,0.0,0.0,0.0,0.0,0.0,0.0,0.0
Los Angeles Lakers
14
1,Kobe Bryant,29,21,21,41.1,10.6,22.0,.479,1.5,5.0,.302,7.5,9.2,.809,0.9,4.8,5.7,5.6,1.7,0.4,3.3,2.8,30.1,G
2,Pau Gasol,27,21,21,39.8,6.7,12.7,.530,0.0,0.0,0,3.4,5.0,.692,2.6,6.7,9.3,4.0,0.5,1.9,2.1,2.9,16.9,F
3,Lamar Odom,28,21,21,37.4,5.1,10.4,.491,0.1,0.5,.273,4.0,6.0,.661,2.2,7.7,10.0,3.0,0.7,1.3,2.2,3.4,14.3,F
4,Derek Fisher,33,21,21,31.6,3.1,7.0,.452,1.0,2.4,.440,2.9,3.5,.836,0.1,2.1,2.2,2.5,2.0,0.1,1.0,3.0,10.2,G
5,Sasha Vujacic,23,21,0,21.7,2.6,6.6,.399,1.5,3.8,.392,1.4,1.7,.857,0.4,1.8,2.2,0.8,0.6,0.2,0.9,2.1,8.1,G
6,Vladimir Radmanovic,27,21,21,22.9,3.2,7.2,.444,1.4,3.7,.372,0.2,0.3,.833,1.1,2.7,3.8,1.5,0.6,0.0,1.0,2.7,8.0
7,Luke Walton,27,21,0,16.8,2.1,4.6,.454,0.5,1.2,.423,1.2,1.7,.722,0.6,2.0,2.6,2.0,0.5,0.2,1.0,2.3,6.0
8,Jordan Farmar,21,21,0,17.1,2.1,5.5,.383,0.8,2.1,.386,0.7,0.8,.875,0.3,1.2,1.6,1.3,0.3,0.2,0.8,1.3,5.7
9,Trevor Ariza,22,8,0,5.6,0.9,1.5,.583,0.1,0.5,.250,0.3,0.5,.500,0.4,1.0,1.4,0.1,0.1,0.1,0.1,0.9,2.1
10,Ronny Turiaf,25,19,0,9.8,0.7,1.9,.389,0.0,0.0,0,0.5,0.9,.588,0.3,1.1,1.4,0.3,0.1,0.9,0.5,2.2,2.0
11,Didier Ilunga-Mbenga,27,7,0,4.3,0.7,1.1,.625,0.0,0.0,0,0.0,0.0,0,0.4,0.9,1.3,0.0,0.3,0.1,0.1,1.3,1.4
12,Chris Mihm,28,1,0,3.0,0.0,1.0,.000,0.0,0.0,0,0.0,0.0,0,0.0,0.0,0.0,0.0,0.0,0.0,1.0,2.0,0.0
13,Ira Newble,33,1,0,1.0,0.0,0.0,0,0.0,0.0,0,0.0,0.0,0,0.0,0.0,0.0,0.0,0.0,0.0,0.0,0.0,0.0
14,Coby Karl,24,1,0,2.0,0.0,0.0,0,0.0,0.0,0,0.0,0.0,0,0.0,0.0,0.0,1.0,0.0,0.0,0.0,1.0,0.0
New Orleans Hornets
12
1,Chris Paul,22,12,12,40.5,9.3,18.4,.502,0.4,1.8,.238,5.2,6.6,.785,1.3,3.6,4.9,11.3,2.3,0.2,1.8,3.6,24.1,G
2,David West,27,12,12,40.4,8.5,18.3,.466,0.1,0.2,.500,4.1,4.6,.891,1.8,6.8,8.5,2.8,1.1,1.9,1.8,2.7,21.2,F
3,Peja Stojakovic,30,12,12,37.9,4.8,11.1,.436,2.3,4.3,.549,2.1,2.3,.926,0.5,4.9,5.4,0.5,0.5,0.1,0.7,1.6,14.1,F
4,Jannero Pargo,28,12,0,22.1,3.8,9.7,.388,1.3,3.6,.349,1.4,2.0,.708,0.4,2.1,2.5,2.3,1.0,0.2,0.9,1.8,10.2,G
5,Tyson Chandler,25,12,12,34.3,3.6,5.7,.632,0.0,0.0,0,0.8,1.3,.625,3.8,6.5,10.3,0.4,0.4,1.7,0.8,3.6,8.0,C
6,Morris Peterson,30,12,12,23.1,2.8,5.7,.485,1.3,2.8,.471,0.3,0.5,.667,0.3,2.3,2.6,0.6,0.5,0.3,0.4,2.4,7.2
7,Julian Wright,20,11,0,11.9,1.8,4.0,.455,0.2,0.8,.222,0.5,0.5,.833,0.5,1.1,1.6,0.5,0.9,0.1,0.5,0.7,4.3
8,Bonzi Wells,31,12,0,14.2,1.8,4.8,.386,0.0,0.2,.000,0.0,0.5,.000,0.3,2.3,2.6,0.7,0.3,0.3,0.5,2.2,3.7
9,Mike James,32,4,0,7.0,1.0,3.0,.333,0.5,1.3,.400,0.5,0.5,1.000,0.0,0.3,0.3,0.3,0.5,0.0,0.3,0.0,3.0
10,Hilton Armstrong,23,8,0,9.0,1.0,1.6,.615,0.0,0.0,0,0.6,1.3,.500,1.1,1.4,2.5,0.0,0.0,0.8,0.5,1.5,2.6
11,Melvin Ely,29,7,0,8.4,0.6,2.1,.267,0.0,0.0,0,1.0,1.4,.700,0.7,0.9,1.6,0.1,0.0,0.0,0.6,1.9,2.1
12,Ryan Bowen,32,9,0,4.3,0.1,0.7,.167,0.0,0.1,.000,0.2,0.2,1.000,0.3,1.2,1.6,0.2,0.1,0.0,0.1,0.1,0.4
Utah Jazz
12
1,Deron Williams,23,12,12,42.8,7.5,15.3,.492,2.3,4.7,.500,4.3,5.5,.773,1.3,2.3,3.6,10.0,0.6,0.3,3.1,2.9,21.6,G
2,Carlos Boozer,26,12,12,36.8,6.3,15.3,.415,0.0,0.0,0,3.3,4.7,.714,3.5,8.8,12.3,2.8,0.5,0.2,3.0,3.9,16.0,F
3,Mehmet Okur,28,12,12,38.5,5.5,13.0,.423,1.6,4.3,.373,2.8,3.7,.773,2.8,8.9,11.8,1.9,0.7,0.7,1.6,3.1,15.4,F
4,Andrei Kirilenko,26,12,12,32.3,4.3,9.5,.447,0.4,1.8,.227,2.1,2.9,.714,1.3,2.2,3.4,2.5,1.5,1.7,1.5,3.8,11.0,F
5,Ronnie Brewer,22,12,12,25.4,4.3,8.2,.520,0.1,0.5,.167,1.6,2.1,.760,1.4,1.8,3.2,1.6,1.0,0.3,0.3,2.4,10.2,G
6,Kyle Korver,26,12,0,21.6,2.5,6.1,.411,0.9,3.2,.289,1.9,2.1,.920,0.4,1.8,2.2,0.6,0.3,0.7,0.7,2.3,7.8
7,Matt Harpring,31,12,0,17.4,2.1,5.3,.397,0.1,0.3,.333,2.3,2.9,.800,1.4,1.4,2.8,0.7,0.6,0.3,0.9,2.9,6.6
8,Paul Millsap,22,12,0,17.5,2.7,5.2,.516,0.0,0.1,.000,1.1,2.1,.520,1.9,2.0,3.9,0.3,0.6,1.3,0.8,3.1,6.4
9,Ronnie Price,24,12,0,5.7,0.8,2.6,.323,0.3,1.2,.214,0.8,1.1,.769,0.1,0.3,0.3,0.9,0.5,0.2,0.5,0.5,2.8
10,C.J. Miles,20,7,0,3.7,0.7,2.0,.357,0.3,1.1,.250,0.0,0.0,0,0.1,0.6,0.7,0.0,0.3,0.0,0.3,0.6,1.7
11,Jason Hart,29,2,0,3.0,0.5,1.0,.500,0.0,0.5,.000,0.0,0.0,0,0.0,0.0,0.0,0.0,0.0,0.0,0.0,0.0,1.0
12,Jarron Collins,29,5,0,4.0,0.0,0.6,.000,0.0,0.0,0,0.0,0.0,0,0.6,0.6,1.2,0.2,0.2,0.2,0.0,0.4,0.0
San Antonio Spurs
13
1,Tony Parker,25,17,17,38.5,8.9,18.0,.497,0.4,1.2,.350,4.1,5.5,.753,0.6,3.1,3.7,6.1,0.9,0.1,2.9,2.2,22.4,G
2,Tim Duncan,31,17,17,39.2,7.9,17.7,.449,0.1,0.3,.200,4.2,6.8,.626,3.6,10.9,14.5,3.3,0.9,2.1,2.4,2.4,20.2,F
3,Manu Ginobili,30,17,6,32.9,5.8,13.6,.422,2.2,6.0,.373,4.1,4.5,.896,0.8,2.9,3.8,3.9,0.6,0.3,2.8,2.8,17.8,G
4,Michael Finley,34,17,11,23.0,2.5,6.3,.402,1.1,3.1,.365,0.5,0.5,1.000,0.1,1.9,1.9,1.0,0.3,0.2,0.4,1.5,6.7,G
5,Bruce Bowen,36,17,17,29.9,2.2,5.5,.398,1.3,3.2,.407,0.5,0.6,.727,0.1,1.8,1.9,1.4,0.6,0.4,0.5,2.4,6.1,F
6,Ime Udoka,30,16,0,14.8,2.1,4.4,.465,1.0,2.5,.400,0.3,0.4,.714,0.4,2.5,2.9,1.1,0.7,0.1,0.7,1.6,5.4
7,Brent Barry,36,16,0,14.2,1.6,3.3,.491,1.2,2.6,.463,0.8,0.9,.800,0.1,1.0,1.1,1.1,0.4,0.1,0.6,1.4,5.2
8,Kurt Thomas,35,17,8,15.8,1.9,4.1,.457,0.0,0.0,0,0.3,0.4,.714,1.5,3.4,4.9,0.4,0.1,0.4,0.8,2.7,4.1
9,Fabricio Oberto,32,17,9,19.5,1.6,2.7,.609,0.0,0.0,0,0.4,0.6,.700,0.9,3.3,4.2,1.2,0.4,0.3,0.8,2.8,3.7
10,Matt Bonner,27,2,0,4.5,1.0,1.5,.667,0.0,0.0,0,0.0,0.0,0,0.0,1.0,1.0,1.0,0.0,0.0,0.0,0.0,2.0
11,Damon Stoudamire,34,7,0,5.0,0.7,2.1,.333,0.1,0.6,.250,0.3,0.4,.667,0.3,0.7,1.0,0.3,0.1,0.0,0.1,0.0,1.9
12,Robert Horry,37,15,0,10.3,0.5,2.4,.194,0.3,1.5,.227,0.3,0.4,.667,0.7,1.4,2.1,0.5,0.3,0.3,0.1,2.3,1.5
13,Jacque Vaughn,32,14,0,6.5,0.4,1.6,.273,0.0,0.1,.000,0.0,0.0,0,0.1,0.5,0.6,0.6,0.1,0.0,0.5,1.2,0.9